#Parameters = {L=38; Thickness=0.01; W=3; depth=15}
#"Frequency / GHz"	"S1,1 [Magnitude / dB]"
#-----------------------------------------
0.0099999997764826	-33.078503508417
0.011989999562502	-31.533831947209
0.013980000279844	-30.219813410242
0.015969999134541	-29.077223182312
0.017960000783205	-28.066891560677
0.019950000569224	-27.161627146500
0.021940000355244	-26.341813752558
0.023930000141263	-25.592845067280
0.025919999927282	-24.903560147723
0.027909999713302	-24.265241270049
0.029899999499321	-23.670952313395
0.031890001147985	-23.115086131727
0.033879999071360	-22.593042429640
0.035870000720024	-22.101005974112
0.037859998643398	-21.635773650062
0.039850000292063	-21.194633311921
0.041839998215437	-20.775266756688
0.043829999864101	-20.375677594306
0.045820001512766	-19.994135270488
0.047809999436140	-19.629130247401
0.049800001084805	-19.279334712468
0.051789999008179	-18.943577707958
0.053780000656843	-18.620821081453
0.055769998580217	-18.310139143587
0.057760000228882	-18.010704014883
0.059749998152256	-17.721770350864
0.061739999800920	-17.442667763900
0.063730001449585	-17.172788524875
0.065719999372959	-16.911581466947
0.067709997296333	-16.658543233980
0.069700002670288	-16.413216022845
0.071690000593662	-16.175179419939
0.073679998517036	-15.944046748185
0.075669996440411	-15.719464152479
0.077660001814365	-15.501102934074
0.079649999737740	-15.288660332422
0.081639997661114	-15.081856696500
0.083630003035069	-14.880429862209
0.085620000958443	-14.684137861907
0.087609998881817	-14.492754893225
0.089599996805191	-14.306070483088
0.091590002179146	-14.123885902424
0.093580000102520	-13.946017360517
0.095569998025894	-13.772291294273
0.097560003399849	-13.602544225230
0.099550001323223	-13.436624735439
0.10153999924660	-13.274385990161
0.10352999716997	-13.115693911827
0.10552000254393	-12.960418867497
0.10751000046730	-12.808440310542
0.10949999839067	-12.659642660319
0.11148999631405	-12.513916199723
0.11348000168800	-12.371158405890
0.11546999961138	-12.231271635984
0.11745999753475	-12.094162774613
0.11945000290871	-11.959742306561
0.12144000083208	-11.827927662365
0.12342999875546	-11.698636682161
0.12542000412941	-11.571793724289
0.12740999460220	-11.447327765595
0.12939999997616	-11.325166490746
0.13139000535011	-11.205245547633
0.13337999582291	-11.087502261124
0.13537000119686	-10.971874511507
0.13736000657082	-10.858305426538
0.13934999704361	-10.746739308586
0.14134000241756	-10.637125636609
0.14332999289036	-10.529410290638
0.14531999826431	-10.423548250531
0.14731000363827	-10.319492546990
0.14929999411106	-10.217197661640
0.15128999948502	-10.116620827300
0.15328000485897	-10.017725445367
0.15526999533176	-9.9204679595609
0.15726000070572	-9.8248129894367
0.15925000607967	-9.7307253222980
0.16123999655247	-9.6381687181150
0.16323000192642	-9.5471129228503
0.16522000730038	-9.4575228013949
0.16720999777317	-9.3693706408881
0.16920000314713	-9.2826261557225
0.17118999361992	-9.1972615530445
0.17317999899387	-9.1132481576413
0.17517000436783	-9.0305611459361
0.17715999484062	-8.9491733183090
0.17915000021458	-8.8690630227833
0.18114000558853	-8.7902051181094
0.18312999606133	-8.7125760028181
0.18512000143528	-8.6361554894017
0.18711000680923	-8.5609218469277
0.18909999728203	-8.4868511129947
0.19109000265598	-8.4139251614330
0.19307999312878	-8.3421235622560
0.19506999850273	-8.2714288841676
0.19706000387669	-8.2018176347691
0.19904999434948	-8.1332765249896
0.20103999972343	-8.0657851333102
0.20303000509739	-7.9993247045106
0.20501999557018	-7.9338807205730
0.20701000094414	-7.8694333194387
0.20900000631809	-7.8059646887217
0.21098999679089	-7.7434621548332
0.21298000216484	-7.6819067446340
0.21496999263763	-7.6212821035182
0.21695999801159	-7.5615731069224
0.21895000338554	-7.5027635963536
0.22093999385834	-7.4448378526475
0.22292999923229	-7.3877803315123
0.22492000460625	-7.3315762000377
0.22690999507904	-7.2762091063780
0.22890000045300	-7.2216674840552
0.23089000582695	-7.1679332511879
0.23287999629974	-7.1149920703993
0.23487000167370	-7.0628313205610
0.23686000704765	-7.0114341706745
0.23884999752045	-6.9607890948418
0.24084000289440	-6.9108809885475
0.24282999336720	-6.8616956722928
0.24481999874115	-6.8132221262413
0.24681000411510	-6.7654436407810
0.24879999458790	-6.7183496358465
0.25078999996185	-6.6719280228720
0.25277999043465	-6.6261660686121
0.25477001070976	-6.5810506085542
0.25676000118256	-6.5365727063180
0.25874999165535	-6.4927175374822
0.26074001193047	-6.4494775857746
0.26273000240326	-6.4068388747313
0.26471999287605	-6.3647944306081
0.26671001315117	-6.3233336042079
0.26870000362396	-6.2824488540333
0.27068999409676	-6.2421275971559
0.27268001437187	-6.2023661818776
0.27467000484467	-6.1631539352417
0.27665999531746	-6.1244863412925
0.27864998579025	-6.0863547038334
0.28064000606537	-6.0487528806254
0.28262999653816	-6.0116772964866
0.28461998701096	-5.9751206758438
0.28661000728607	-5.9390816322850
0.28859999775887	-5.9035553779247
0.29058998823166	-5.8685353554386
0.29258000850677	-5.8340237818481
0.29456999897957	-5.8000155546725
0.29655998945236	-5.7665120412009
0.29855000972748	-5.7335074415561
0.30054000020027	-5.7010046208634
0.30252999067307	-5.6690026507366
0.30452001094818	-5.6375026481603
0.30651000142097	-5.6065039021056
0.30849999189377	-5.5760074289215
0.31049001216888	-5.5460185470747
0.31248000264168	-5.5165358701794
0.31446999311447	-5.4875611275389
0.31646001338959	-5.4590989594739
0.31845000386238	-5.4311524095152
0.32043999433517	-5.4037252884396
0.32243001461029	-5.3768187078203
0.32442000508308	-5.3504368274676
0.32640999555588	-5.3245823275144
0.32839998602867	-5.2992610952837
0.33039000630379	-5.2744749100575
0.33237999677658	-5.2502284360886
0.33436998724937	-5.2265254230694
0.33636000752449	-5.2033688352999
0.33834999799728	-5.1807603691194
0.34033998847008	-5.1587063212006
0.34233000874519	-5.1372089075938
0.34431999921799	-5.1162673020223
0.34630998969078	-5.0958869617670
0.34830000996590	-5.0760693305882
0.35029000043869	-5.0568151657532
0.35227999091148	-5.0381264249761
0.35427001118660	-5.0200027634541
0.35626000165939	-5.0024440980383
0.35824999213219	-4.9854514243968
0.36024001240730	-4.9690211815228
0.36223000288010	-4.9531536200029
0.36421999335289	-4.9378471135231
0.36621001362801	-4.9230953652703
0.36820000410080	-4.9088984511948
0.37018999457359	-4.8952513008237
0.37218001484871	-4.8821459209453
0.37417000532150	-4.8695805900749
0.37615999579430	-4.8575466148606
0.37814998626709	-4.8460374496857
0.38014000654221	-4.8350441769887
0.38212999701500	-4.8245615308146
0.38411998748779	-4.8145752630750
0.38611000776291	-4.8050804034992
0.38809999823570	-4.7960633058993
0.39008998870850	-4.7875118384294
0.39208000898361	-4.7794175599997
0.39406999945641	-4.7717657033664
0.39605998992920	-4.7645447313132
0.39805001020432	-4.7577366650125
0.40004000067711	-4.7513322243671
0.40202999114990	-4.7453136905551
0.40402001142502	-4.7396686517152
0.40601000189781	-4.7343788566925
0.40799999237061	-4.7294295813940
0.40999001264572	-4.7248041164399
0.41198000311852	-4.7204883663732
0.41396999359131	-4.7164644988948
0.41596001386642	-4.7127143573082
0.41795000433922	-4.7092243590989
0.41993999481201	-4.7059742971663
0.42192998528481	-4.7029510980688
0.42392000555992	-4.7001354748413
0.42590999603271	-4.6975133501115
0.42789998650551	-4.6950676047812
0.42989000678062	-4.6927835392331
0.43187999725342	-4.6906461169209
0.43386998772621	-4.6886387634521
0.43586000800133	-4.6867502061040
0.43784999847412	-4.6849650781174
0.43983998894691	-4.6832716317920
0.44183000922203	-4.6816562265978
0.44381999969482	-4.6801099832066
0.44580999016762	-4.6786204578920
0.44780001044273	-4.6771793098368
0.44979000091553	-4.6757787343949
0.45177999138832	-4.6744088696628
0.45377001166344	-4.6730648245916
0.45576000213623	-4.6717430944030
0.45774999260902	-4.6704346506689
0.45974001288414	-4.6691396684340
0.46173000335693	-4.6678570952031
0.46371999382973	-4.6665829179407
0.46571001410484	-4.6653190726590
0.46770000457764	-4.6640669068642
0.46968999505043	-4.6628293282800
0.47167998552322	-4.6616086771437
0.47367000579834	-4.6604125705008
0.47565999627113	-4.6592449551881
0.47764998674393	-4.6581121421952
0.47964000701904	-4.6570246328684
0.48162999749184	-4.6559913423271
0.48361998796463	-4.6550217374266
0.48561000823975	-4.6541271352383
0.48759999871254	-4.6533186300950
0.48958998918533	-4.6526102008296
0.49158000946045	-4.6520169090298
0.49356999993324	-4.6515514193993
0.49555999040604	-4.6512295912871
0.49755001068115	-4.6510657983067
0.49954000115395	-4.6510780091344
0.50152999162674	-4.6512817026515
0.50352001190186	-4.6516958502619
0.50550997257233	-4.6523364397871
0.50749999284744	-4.6532219048007
0.50949001312256	-4.6543695564574
0.51147997379303	-4.6557985837927
0.51346999406815	-4.6575277791194
0.51546001434326	-4.6595733678304
0.51744997501373	-4.6619532423856
0.51943999528885	-4.6646870583507
0.52143001556396	-4.6677924154916
0.52341997623444	-4.6712877551854
0.52540999650955	-4.6751886558352
0.52740001678467	-4.6795116028683
0.52938997745514	-4.6842726142567
0.53137999773026	-4.6894907299617
0.53337001800537	-4.6951792956629
0.53535997867584	-4.7013527344820
0.53734999895096	-4.7080267969347
0.53934001922607	-4.7152125489764
0.54132997989655	-4.7229255646768
0.54332000017166	-4.7311767528564
0.54531002044678	-4.7399775702143
0.54729998111725	-4.7493386881499
0.54929000139236	-4.7592694774790
0.55128002166748	-4.7697770382181
0.55326998233795	-4.7808739606254
0.55526000261307	-4.7925651902553
0.55725002288818	-4.8048548345159
0.55923998355865	-4.8177528656040
0.56123000383377	-4.8312589154335
0.56322002410889	-4.8453789070561
0.56520998477936	-4.8601144286236
0.56720000505447	-4.8754690541428
0.56919002532959	-4.8914437326032
0.57117998600006	-4.9080366319414
0.57317000627518	-4.9252470475543
0.57516002655029	-4.9430762936570
0.57714998722076	-4.9615184939829
0.57914000749588	-4.9805711792342
0.58113002777100	-5.0002302565703
0.58311998844147	-5.0204893632987
0.58511000871658	-5.0413450605881
0.58710002899170	-5.0627902367530
0.58908998966217	-5.0848183204308
0.59108000993729	-5.1074195966520
0.59306997060776	-5.1305879854707
0.59505999088287	-5.1543119715571
0.59705001115799	-5.1785850252985
0.59903997182846	-5.2033934334282
0.60102999210358	-5.2287308259540
0.60302001237869	-5.2545838623889
0.60500997304916	-5.2809412076590
0.60699999332428	-5.3077926248897
0.60899001359940	-5.3351241272405
0.61097997426987	-5.3629272864735
0.61296999454498	-5.3911871575656
0.61496001482010	-5.4198913564562
0.61694997549057	-5.4490300724544
0.61893999576569	-5.4785879183275
0.62093001604080	-5.5085541339088
0.62291997671127	-5.5389177427796
0.62490999698639	-5.5696654188369
0.62690001726151	-5.6007848547182
0.62888997793198	-5.6322652726636
0.63087999820709	-5.6640969165411
0.63287001848221	-5.6962655279379
0.63485997915268	-5.7287630927864
0.63684999942780	-5.7615813624160
0.63884001970291	-5.7947081840591
0.64082998037338	-5.8281343573538
0.64282000064850	-5.8618545777615
0.64481002092361	-5.8958573158281
0.64679998159409	-5.9301373470257
0.64879000186920	-5.9646905628812
0.65078002214432	-5.9995093074204
0.65276998281479	-6.0345881585344
0.65476000308990	-6.0699242023686
0.65675002336502	-6.1055138777649
0.65873998403549	-6.1413552503503
0.66073000431061	-6.1774458199457
0.66272002458572	-6.2137857454317
0.66470998525620	-6.2503729960934
0.66670000553131	-6.2872110484917
0.66869002580643	-6.3243008687197
0.67067998647690	-6.3616425025546
0.67267000675201	-6.3992407507376
0.67466002702713	-6.4371020034217
0.67664998769760	-6.4752271342941
0.67864000797272	-6.5136236408272
0.68063002824783	-6.5522961038934
0.68261998891830	-6.5912533096168
0.68461000919342	-6.6305034369215
0.68660002946854	-6.6700507469348
0.68858999013901	-6.7099073103780
0.69058001041412	-6.7500801052374
0.69256997108459	-6.7905803212434
0.69455999135971	-6.8314170443705
0.69655001163483	-6.8726004134778
0.69853997230530	-6.9141399695195
0.70052999258041	-6.9560472244971
0.70252001285553	-6.9983359686966
0.70450997352600	-7.0410130706758
0.70649999380112	-7.0840910354654
0.70849001407623	-7.1275837534934
0.71047997474670	-7.1714970569095
0.71246999502182	-7.2158481825652
0.71446001529694	-7.2606443187099
0.71644997596741	-7.3058962700445
0.71843999624252	-7.3516136796375
0.72043001651764	-7.3978101829788
0.72241997718811	-7.4444910768736
0.72440999746323	-7.4916696980235
0.72640001773834	-7.5393521561190
0.72838997840881	-7.5875478721107
0.73037999868393	-7.6362657502517
0.73237001895905	-7.6855083850044
0.73435997962952	-7.7352863386949
0.73634999990463	-7.7856060268919
0.73834002017975	-7.8364675459343
0.74032998085022	-7.8878788298134
0.74232000112534	-7.9398440215582
0.74431002140045	-7.9923628167404
0.74629998207092	-8.0454389687068
0.74829000234604	-8.0990727999710
0.75028002262115	-8.1532647834082
0.75226998329163	-8.2080109435539
0.75426000356674	-8.2633143320972
0.75625002384186	-8.3191696407371
0.75823998451233	-8.3755732458476
0.76023000478745	-8.4325226704814
0.76222002506256	-8.4900092470901
0.76420998573303	-8.5480278455544
0.76620000600815	-8.6065724235568
0.76819002628326	-8.6656340519946
0.77017998695374	-8.7252034341047
0.77217000722885	-8.7852729148292
0.77416002750397	-8.8458286755585
0.77614998817444	-8.9068626767973
0.77814000844955	-8.9683623386176
0.78013002872467	-9.0303125699264
0.78211998939514	-9.0927042008117
0.78411000967026	-9.1555202023184
0.78609997034073	-9.2187464933255
0.78808999061584	-9.2823688313602
0.79008001089096	-9.3463700581403
0.79206997156143	-9.4107379980629
0.79405999183655	-9.4754523542855
0.79605001211166	-9.5404992202585
0.79803997278214	-9.6058592549389
0.80002999305725	-9.6715165764157
0.80202001333237	-9.7374528166675
0.80400997400284	-9.8036531625028
0.80599999427795	-9.8700953232922
0.80799001455307	-9.9367622209471
0.80997997522354	-10.003637858763
0.81196999549866	-10.070702080899
0.81396001577377	-10.137936193383
0.81594997644424	-10.205321625782
0.81793999671936	-10.272839610065
0.81993001699448	-10.340470797447
0.82191997766495	-10.408194140703
0.82390999794006	-10.475993125082
0.82590001821518	-10.543847994805
0.82788997888565	-10.611734914138
0.82987999916077	-10.679636062970
0.83187001943588	-10.747530237101
0.83385998010635	-10.815392597700
0.83585000038147	-10.883200870187
0.83784002065659	-10.950934495953
0.83982998132706	-11.018565352083
0.84182000160217	-11.086068267204
0.84381002187729	-11.153416593994
0.84579998254776	-11.220581713060
0.84779000282288	-11.287532070018
0.84978002309799	-11.354235451061
0.85176998376846	-11.420658397866
0.85376000404358	-11.486760006767
0.85575002431870	-11.552505929407
0.85773998498917	-11.617848687867
0.85973000526428	-11.682746904303
0.86172002553940	-11.747151954374
0.86370998620987	-11.811009392391
0.86570000648499	-11.874264552664
0.86769002676010	-11.936860043340
0.86967998743057	-11.998730769746
0.87167000770569	-12.059807771963
0.87366002798080	-12.120022499513
0.87564998865128	-12.179297690405
0.87764000892639	-12.237552658010
0.87963002920151	-12.294703522184
0.88161998987198	-12.350658460033
0.88361001014709	-12.405326000994
0.88559997081757	-12.458608353181
0.88758999109268	-12.510400697607
0.88958001136780	-12.560599674547
0.89156997203827	-12.609094404803
0.89355999231339	-12.655771887471
0.89555001258850	-12.700519083093
0.89753997325897	-12.743215204779
0.89952999353409	-12.783744455885
0.90152001380920	-12.821982765592
0.90350997447968	-12.857812772451
0.90549999475479	-12.891111574482
0.90749001502991	-12.921766392423
0.90947997570038	-12.949656835607
0.91146999597549	-12.974673713732
0.91346001625061	-12.996706302145
0.91544997692108	-13.015654890542
0.91743999719620	-13.031423460168
0.91943001747131	-13.043921821822
0.92141997814178	-13.053070898968
0.92340999841690	-13.058802958313
0.92540001869202	-13.061055850900
0.92738997936249	-13.059780308163
0.92937999963760	-13.054941067554
0.93137001991272	-13.046514420587
0.93335998058319	-13.034486445658
0.93535000085831	-13.018858498561
0.93734002113342	-12.999648809235
0.93932998180389	-12.976882593796
0.94132000207901	-12.950603259141
0.94331002235413	-12.920864763935
0.94529998302460	-12.887735456822
0.94729000329971	-12.851292687090
0.94928002357483	-12.811629233851
0.95126998424530	-12.768845196371
0.95326000452042	-12.723052614562
0.95525002479553	-12.674369276742
0.95723998546600	-12.622924427111
0.95923000574112	-12.568851732687
0.96122002601624	-12.512291589442
0.96320998668671	-12.453388402896
0.96520000696182	-12.392289843729
0.96719002723694	-12.329148225872
0.96917998790741	-12.264114115468
0.97117000818253	-12.197339496972
0.97316002845764	-12.128978716831
0.97514998912811	-12.059180329105
0.97714000940323	-11.988095563645
0.97913002967834	-11.915871470531
0.98111999034882	-11.842647933368
0.98311001062393	-11.768566253564
0.98509997129440	-11.693762108748
0.98708999156952	-11.618365408764
0.98908001184464	-11.542499656400
0.99106997251511	-11.466285699420
0.99305999279022	-11.389838762422
0.99505001306534	-11.313265387092
0.99703997373581	-11.236671706544
0.99902999401093	-11.160149598626
1.0010199546814	-11.083793644026
1.0030100345612	-11.007688693433
1.0049999952316	-10.931912268569
1.0069899559021	-10.856539178933
1.0089800357819	-10.781636185454
1.0109699964523	-10.707266214487
1.0129599571228	-10.633488108737
1.0149500370026	-10.560349601316
1.0169399976730	-10.487900862599
1.0189299583435	-10.416183206321
1.0209200382233	-10.345233721142
1.0229099988937	-10.275084497940
1.0248999595642	-10.205764069671
1.0268900394440	-10.137299022256
1.0288800001144	-10.069707859727
1.0308699607849	-10.003007773360
1.0328600406647	-9.9372148699835
1.0348500013351	-9.8723357749812
1.0368399620056	-9.8083816990264
1.0388300418854	-9.7453551995614
1.0408200025558	-9.6832573329947
1.0428099632263	-9.6220889503634
1.0448000431061	-9.5618469793970
1.0467900037766	-9.5025272909835
1.0487799644470	-9.4441203754691
1.0507700443268	-9.3866199304109
1.0527600049973	-9.3300147004398
1.0547499656677	-9.2742951082123
1.0567400455475	-9.2194447240811
1.0587300062180	-9.1654517347596
1.0607199668884	-9.1123014532638
1.0627100467682	-9.0599766565791
1.0647000074387	-9.0084622975227
1.0666899681091	-8.9577402815386
1.0686800479889	-8.9077935365635
1.0706700086594	-8.8586035265979
1.0726599693298	-8.8101533394601
1.0746500492096	-8.7624240297275
1.0766400098801	-8.7153970519940
1.0786299705505	-8.6690568550857
1.0806200504303	-8.6233812642766
1.0826100111008	-8.5783568286927
1.0845999717712	-8.5339636127718
1.0865900516510	-8.4901859454582
1.0885800123215	-8.4470089412030
1.0905699729919	-8.4044139788161
1.0925600528717	-8.3623881392348
1.0945500135422	-8.3209152056691
1.0965399742126	-8.2799827037810
1.0985300540924	-8.2395779843191
1.1005200147629	-8.1996871339156
1.1025099754333	-8.1602998303578
1.1045000553131	-8.1214052576637
1.1064900159836	-8.0829927176340
1.1084799766541	-8.0450551331814
1.1104700565338	-8.0075817857301
1.1124600172043	-7.9705679903603
1.1144499778748	-7.9340041654688
1.1164400577545	-7.8978873477028
1.1184300184250	-7.8622111198544
1.1204199790955	-7.8269719865556
1.1224100589752	-7.7921662872089
1.1244000196457	-7.7577905089415
1.1263899803162	-7.7238427328986
1.1283799409866	-7.6903232829424
1.1303700208664	-7.6572290444214
1.1323599815369	-7.6245625604737
1.1343499422073	-7.5923206987024
1.1363400220871	-7.5605073264495
1.1383299827576	-7.5291221018470
1.1403199434280	-7.4981662414878
1.1423100233078	-7.4676434173628
1.1442999839783	-7.4375545265165
1.1462899446487	-7.4079029247886
1.1482800245285	-7.3786920546107
1.1502699851990	-7.3499233438101
1.1522599458694	-7.3216014552497
1.1542500257492	-7.2937285742931
1.1562399864197	-7.2663092097431
1.1582299470901	-7.2393454065155
1.1602200269699	-7.2128414490939
1.1622099876404	-7.1868004982650
1.1641999483109	-7.1612262455675
1.1661900281906	-7.1361212806461
1.1681799888611	-7.1114881228489
1.1701699495316	-7.0873322940773
1.1721600294113	-7.0636539954350
1.1741499900818	-7.0404574007403
1.1761399507523	-7.0177438528553
1.1781300306320	-6.9955158628709
1.1801199913025	-6.9737753899343
1.1821099519730	-6.9525253349954
1.1841000318527	-6.9317650705894
1.1860899925232	-6.9114985980466
1.1880799531937	-6.8917239750447
1.1900700330734	-6.8724447828072
1.1920599937439	-6.8536593088441
1.1940499544144	-6.8353682586661
1.1960400342941	-6.8175734612554
1.1980299949646	-6.8002724973530
1.2000199556351	-6.7834672228428
1.2020100355148	-6.7671554325980
1.2039999961853	-6.7513368852343
1.2059899568558	-6.7360106172189
1.2079800367355	-6.7211753727237
1.2099699974060	-6.7068293037882
1.2119599580765	-6.6929718941413
1.2139500379562	-6.6796021226537
1.2159399986267	-6.6667164528325
1.2179299592972	-6.6543131031355
1.2199200391769	-6.6423927246139
1.2219099998474	-6.6309504302221
1.2238999605179	-6.6199863883969
1.2258900403976	-6.6094969543313
1.2278800010681	-6.5994797114123
1.2298699617386	-6.5899318028021
1.2318600416183	-6.5808538493292
1.2338500022888	-6.5722407708702
1.2358399629593	-6.5640917865484
1.2378300428391	-6.5564037888333
1.2398200035095	-6.5491759250631
1.2418099641800	-6.5424028675958
1.2438000440598	-6.5360854817375
1.2457900047302	-6.5302186764571
1.2477799654007	-6.5248032528775
1.2497700452805	-6.5198334505080
1.2517600059509	-6.5153104917655
1.2537499666214	-6.5112296432883
1.2557400465012	-6.5075885957101
1.2577300071716	-6.5043865886652
1.2597199678421	-6.5016208895069
1.2617100477219	-6.4992887125413
1.2637000083923	-6.4973886385752
1.2656899690628	-6.4959177121917
1.2676800489426	-6.4948723267015
1.2696700096130	-6.4942526601870
1.2716599702835	-6.4940539604773
1.2736500501633	-6.4942755325801
1.2756400108337	-6.4949132446433
1.2776299715042	-6.4959668310907
1.2796200513840	-6.4974299818920
1.2816100120544	-6.4993032673541
1.2835999727249	-6.5015810555598
1.2855900526047	-6.5042630453772
1.2875800132751	-6.5073428841692
1.2895699739456	-6.5108203379753
1.2915600538254	-6.5146895927341
1.2935500144958	-6.5189482405789
1.2955399751663	-6.5235931326432
1.2975300550461	-6.5286187186276
1.2995200157166	-6.5340213467250
1.3015099763870	-6.5397981211813
1.3035000562668	-6.5459427504425
1.3054900169373	-6.5524529118353
1.3074799776077	-6.5593237019996
1.3094700574875	-6.5665490941227
1.3114600181580	-6.5741248691531
1.3134499788284	-6.5820442796977
1.3154400587082	-6.5903048787746
1.3174300193787	-6.5989004613162
1.3194199800491	-6.6078252347565
1.3214099407196	-6.6170743627866
1.3234000205994	-6.6266427678057
1.3253899812698	-6.6365223087531
1.3273799419403	-6.6467094744463
1.3293700218201	-6.6571975630672
1.3313599824905	-6.6679805769085
1.3333499431610	-6.6790547038204
1.3353400230408	-6.6904138662768
1.3373299837112	-6.7020495296968
1.3393199443817	-6.7139603567398
1.3413100242615	-6.7261372619665
1.3432999849319	-6.7385777460930
1.3452899456024	-6.7512722775462
1.3472800254822	-6.7642198788471
1.3492699861526	-6.7774148376735
1.3512599468231	-6.7908504539967
1.3532500267029	-6.8045230816079
1.3552399873734	-6.8184282196473
1.3572299480438	-6.8325594246531
1.3592200279236	-6.8469179285375
1.3612099885941	-6.8614951943684
1.3631999492645	-6.8762880765034
1.3651900291443	-6.8912962625810
1.3671799898148	-6.9065129261402
1.3691699504852	-6.9219373512305
1.3711600303650	-6.9375662420821
1.3731499910355	-6.9533981355196
1.3751399517059	-6.9694308389052
1.3771300315857	-6.9856625447152
1.3791199922562	-7.0020920509706
1.3811099529266	-7.0187157017874
1.3831000328064	-7.0355365131325
1.3850899934769	-7.0525501804093
1.3870799541473	-7.0697589486857
1.3890700340271	-7.0871596671394
1.3910599946976	-7.1047535260031
1.3930499553680	-7.1225401075062
1.3950400352478	-7.1405211791898
1.3970299959183	-7.1586954496064
1.3990199565887	-7.1770631499209
1.4010100364685	-7.1956226030585
1.4029999971390	-7.2143779195117
1.4049899578094	-7.2333290531313
1.4069800376892	-7.2524739397577
1.4089699983597	-7.2718137246618
1.4109599590302	-7.2913482392050
1.4129500389099	-7.3110797798728
1.4149399995804	-7.3310048545784
1.4169299602509	-7.3511259510662
1.4189200401306	-7.3714412998867
1.4209100008011	-7.3919513316300
1.4228999614716	-7.4126540796434
1.4248900413513	-7.4335473058007
1.4268800020218	-7.4546315020013
1.4288699626923	-7.4759032301786
1.4308600425720	-7.4973611296993
1.4328500032425	-7.5190013231829
1.4348399639130	-7.5408211126647
1.4368300437927	-7.5628172407893
1.4388200044632	-7.5849868822093
1.4408099651337	-7.6073241551681
1.4428000450134	-7.6298232748912
1.4447900056839	-7.6524810639724
1.4467799663544	-7.6752910870140
1.4487700462341	-7.6982469294421
1.4507600069046	-7.7213405965540
1.4527499675751	-7.7445653623063
1.4547400474548	-7.7679140491256
1.4567300081253	-7.7913789247484
1.4587199687958	-7.8149513088611
1.4607100486755	-7.8386194048623
1.4627000093460	-7.8623761403204
1.4646899700165	-7.8862112477501
1.4666800498962	-7.9101146550879
1.4686700105667	-7.9340735729487
1.4706599712372	-7.9580797501923
1.4726500511169	-7.9821184217589
1.4746400117874	-8.0061815128223
1.4766299724579	-8.0302541345888
1.4786200523376	-8.0543265444108
1.4806100130081	-8.0783829474793
1.4825999736786	-8.1024111820877
1.4845900535583	-8.1264003075356
1.4865800142288	-8.1503363713890
1.4885699748993	-8.1742044959544
1.4905600547791	-8.1979945627182
1.4925500154495	-8.2216892687884
1.4945399761200	-8.2452775697336
1.4965300559998	-8.2687447570660
1.4985200166702	-8.2920785435080
1.5005099773407	-8.3152642649681
1.5025000572205	-8.3382901357215
1.5044900178909	-8.3611389300778
1.5064799785614	-8.3837998222150
1.5084700584412	-8.4062588584042
1.5104600191116	-8.4285030484168
1.5124499797821	-8.4505204608248
1.5144399404526	-8.4722935939930
1.5164300203323	-8.4938127869648
1.5184199810028	-8.5150648612341
1.5204099416733	-8.5360362994965
1.5224000215530	-8.5567128362260
1.5243899822235	-8.5770823266582
1.5263799428940	-8.5971331480294
1.5283700227737	-8.6168520090171
1.5303599834442	-8.6362265347007
1.5323499441147	-8.6552403802365
1.5343400239944	-8.6738877273054
1.5363299846649	-8.6921485927277
1.5383199453354	-8.7100155118434
1.5403100252151	-8.7274741055488
1.5422999858856	-8.7445119842958
1.5442899465561	-8.7611149618123
1.5462800264359	-8.7772714029041
1.5482699871063	-8.7929695979167
1.5502599477768	-8.8081954582758
1.5522500276566	-8.8229340858919
1.5542399883270	-8.8371754085010
1.5562299489975	-8.8509072367955
1.5582200288773	-8.8641117163956
1.5602099895477	-8.8767820113860
1.5621999502182	-8.8889005470076
1.5641900300980	-8.9004575588148
1.5661799907684	-8.9114364120215
1.5681699514389	-8.9218282003463
1.5701600313187	-8.9316180738325
1.5721499919891	-8.9407928988783
1.5741399526596	-8.9493424094016
1.5761300325394	-8.9572536241077
1.5781199932098	-8.9645139922547
1.5801099538803	-8.9711156728862
1.5821000337601	-8.9770417566109
1.5840899944305	-8.9822863246352
1.5860799551010	-8.9868397872795
1.5880700349808	-8.9906882196747
1.5900599956512	-8.9938272965465
1.5920499563217	-8.9962472998492
1.5940400362015	-8.9979431186857
1.5960299968719	-8.9989039568653
1.5980199575424	-8.9991285015891
1.6000100374222	-8.9986110033785
1.6019999980927	-8.9973460077158
1.6039899587631	-8.9953349984642
1.6059800386429	-8.9925737991478
1.6079699993134	-8.9890613579342
1.6099599599838	-8.9848014983489
1.6119500398636	-8.9797921874023
1.6139400005341	-8.9740419893354
1.6159299612045	-8.9675522744878
1.6179200410843	-8.9603273369645
1.6199100017548	-8.9523766373838
1.6218999624252	-8.9437094177737
1.6238900423050	-8.9343320521451
1.6258800029755	-8.9242560755829
1.6278699636459	-8.9134925086492
1.6298600435257	-8.9020558808117
1.6318500041962	-8.8899594065112
1.6338399648666	-8.8772168121883
1.6358300447464	-8.8638423156149
1.6378200054169	-8.8498567455307
1.6398099660873	-8.8352749271001
1.6418000459671	-8.8201162365191
1.6437900066376	-8.8043963512734
1.6457799673080	-8.7881363135634
1.6477700471878	-8.7713567582606
1.6497600078583	-8.7540758948776
1.6517499685287	-8.7363160290372
1.6537400484085	-8.7180940548365
1.6557300090790	-8.6994337585916
1.6577199697495	-8.6803546915746
1.6597100496292	-8.6608755481366
1.6617000102997	-8.6410195777102
1.6636899709702	-8.6208029753372
1.6656800508499	-8.6002503135557
1.6676700115204	-8.5793746778566
1.6696599721909	-8.5581974978140
1.6716500520706	-8.5367376145907
1.6736400127411	-8.5150118794542
1.6756299734116	-8.4930363625564
1.6776200532913	-8.4708266409475
1.6796100139618	-8.4483966888041
1.6815999746323	-8.4257638562298
1.6835900545120	-8.4029405573722
1.6855800151825	-8.3799354777000
1.6875699758530	-8.3567640856617
1.6895600557327	-8.3334377641311
1.6915500164032	-8.3099636402327
1.6935399770737	-8.2863502002154
1.6955300569534	-8.2626068266224
1.6975200176239	-8.2387395959840
1.6995099782944	-8.2147558341973
1.7015000581741	-8.1906593749525
1.7034900188446	-8.1664559085990
1.7054799795151	-8.1421478322200
1.7074700593948	-8.1177399948660
1.7094600200653	-8.0932330679642
1.7114499807358	-8.0686309258920
1.7134399414062	-8.0439316043686
1.7154300212860	-8.0191380512356
1.7174199819565	-7.9942517038087
1.7194099426270	-7.9692691147763
1.7214000225067	-7.9441936673462
1.7233899831772	-7.9190228383808
1.7253799438477	-7.8937566540803
1.7273700237274	-7.8683930527611
1.7293599843979	-7.8429343116812
1.7313499450684	-7.8173771441990
1.7333400249481	-7.7917210977193
1.7353299856186	-7.7659691528798
1.7373199462891	-7.7401180496285
1.7393100261688	-7.7141704490903
1.7412999868393	-7.6881247646087
1.7432899475098	-7.6619828691558
1.7452800273895	-7.6357476708104
1.7472699880600	-7.6094197516435
1.7492599487305	-7.5830034260009
1.7512500286102	-7.5565003649628
1.7532399892807	-7.5299153857636
1.7552299499512	-7.5032519702580
1.7572200298309	-7.4765160828100
1.7592099905014	-7.4497132466308
1.7611999511719	-7.4228478802774
1.7631900310516	-7.3959307354082
1.7651799917221	-7.3689656881775
1.7671699523926	-7.3419627170308
1.7691600322723	-7.3149315499658
1.7711499929428	-7.2878793861463
1.7731399536133	-7.2608148160092
1.7751300334930	-7.2337522195116
1.7771199941635	-7.2066979885927
1.7791099548340	-7.1796663237256
1.7811000347137	-7.1526668776080
1.7830899953842	-7.1257099736248
1.7850799560547	-7.0988105469708
1.7870700359344	-7.0719793021636
1.7890599966049	-7.0452282061256
1.7910499572754	-7.0185688121293
1.7930400371552	-6.9920152455783
1.7950299978256	-6.9655775551549
1.7970199584961	-6.9392678733735
1.7990100383759	-6.9130997843072
1.8009999990463	-6.8870849895831
1.8029899597168	-6.8612334506133
1.8049800395966	-6.8355586200689
1.8069700002670	-6.8100683171874
1.8089599609375	-6.7847734531683
1.8109500408173	-6.7596860822665
1.8129400014877	-6.7348147771591
1.8149299621582	-6.7101678330579
1.8169200420380	-6.6857534005712
1.8189100027084	-6.6615798019264
1.8208999633789	-6.6376565847504
1.8228900432587	-6.6139864006951
1.8248800039291	-6.5905790054798
1.8268699645996	-6.5674374317799
1.8288600444794	-6.5445664568326
1.8308500051498	-6.5219716797534
1.8328399658203	-6.4996558740748
1.8348300457001	-6.4776207536677
1.8368200063705	-6.4558716333059
1.8388099670410	-6.4344071920771
1.8408000469208	-6.4132299650914
1.8427900075912	-6.3923410298333
1.8447799682617	-6.3717391701901
1.8467700481415	-6.3514237193099
1.8487600088120	-6.3313956021161
1.8507499694824	-6.3116507775855
1.8527400493622	-6.2921880315770
1.8547300100327	-6.2730073949520
1.8567199707031	-6.2541032708290
1.8587100505829	-6.2354738767296
1.8607000112534	-6.2171163693652
1.8626899719238	-6.1990281606788
1.8646800518036	-6.1812012102269
1.8666700124741	-6.1636385535453
1.8686599731445	-6.1463301312736
1.8706500530243	-6.1292754137787
1.8726400136948	-6.1124691026053
1.8746299743652	-6.0959073621091
1.8766200542450	-6.0795845910180
1.8786100149155	-6.0634981374944
1.8805999755859	-6.0476439563648
1.8825900554657	-6.0320191612781
1.8845800161362	-6.0166179394599
1.8865699768066	-6.0014385184268
1.8885600566864	-5.9864745924582
1.8905500173569	-5.9717251352047
1.8925399780273	-5.9571875933527
1.8945300579071	-5.9428565923895
1.8965200185776	-5.9287324011840
1.8985099792480	-5.9148074563245
1.9005000591278	-5.9010853547844
1.9024900197983	-5.8875608112265
1.9044799804688	-5.8742323363733
1.9064699411392	-5.8610987603553
1.9084600210190	-5.8481559387941
1.9104499816895	-5.8354069168387
1.9124399423599	-5.8228464109693
1.9144300222397	-5.8104748995824
1.9164199829102	-5.7982922516478
1.9184099435806	-5.7862941272870
1.9204000234604	-5.7744858848262
1.9223899841309	-5.7628615935699
1.9243799448013	-5.7514211664015
1.9263700246811	-5.7401639398356
1.9283599853516	-5.7290911393614
1.9303499460220	-5.7182011318639
1.9323400259018	-5.7074909656217
1.9343299865723	-5.6969626312130
1.9363199472427	-5.6866145582128
1.9383100271225	-5.6764435411061
1.9402999877930	-5.6664502281083
1.9422899484634	-5.6566320719959
1.9442800283432	-5.6469893208560
1.9462699890137	-5.6375193336469
1.9482599496841	-5.6282179414016
1.9502500295639	-5.6190850146120
1.9522399902344	-5.6101205083526
1.9542299509048	-5.6013177494845
1.9562200307846	-5.5926766336952
1.9582099914551	-5.5841919638447
1.9601999521255	-5.5758633610277
1.9621900320053	-5.5676882872106
1.9641799926758	-5.5596585108647
1.9661699533463	-5.5517761330284
1.9681600332260	-5.5440351020297
1.9701499938965	-5.5364296141848
1.9721399545670	-5.5289596087545
1.9741300344467	-5.5216201973153
1.9761199951172	-5.5144068253547
1.9781099557877	-5.5073146923118
1.9801000356674	-5.5003441510716
1.9820899963379	-5.4934862343172
1.9840799570084	-5.4867400510658
1.9860700368881	-5.4801014971252
1.9880599975586	-5.4735692634857
1.9900499582291	-5.4671362087898
1.9920400381088	-5.4608013771596
1.9940299987793	-5.4545644690918
1.9960199594498	-5.4484186512763
1.9980100393295	-5.4423660162409
2.0000000000000	-5.4364000414417
