#Parameters = {Conductivity=300; L=38; Thickness=0.01; W=3; depth=15}
#"Frequency / GHz"	"S1,1 [Magnitude / dB]"
#-----------------------------------------
0.0099999997764826	-33.560126289062
0.011989999562502	-32.306886175454
0.013980000279844	-31.181291622688
0.015969999134541	-30.166819005902
0.017960000783205	-29.247276467541
0.019950000569224	-28.408600945285
0.021940000355244	-27.639059709441
0.023930000141263	-26.928991594137
0.025919999927282	-26.270460327378
0.027909999713302	-25.656908607127
0.029899999499321	-25.082898434946
0.031890001147985	-24.543878282342
0.033879999071360	-24.036015704336
0.035870000720024	-23.556054807671
0.037859998643398	-23.101217146929
0.039850000292063	-22.669108841633
0.041839998215437	-22.257656495480
0.043829999864101	-21.865056423411
0.045820001512766	-21.489726505112
0.047809999436140	-21.130273910922
0.049800001084805	-20.785468198159
0.051789999008179	-20.454213327172
0.053780000656843	-20.135534007329
0.055769998580217	-19.828554074405
0.057760000228882	-19.532485093968
0.059749998152256	-19.246618846320
0.061739999800920	-18.970311507574
0.063730001449585	-18.702978780529
0.065719999372959	-18.444090536040
0.067709997296333	-18.193159195212
0.069700002670288	-17.949742914386
0.071690000593662	-17.713433509377
0.073679998517036	-17.483858005912
0.075669996440411	-17.260669057428
0.077660001814365	-17.043549754921
0.079649999737740	-16.832206574345
0.081639997661114	-16.626365379361
0.083630003035069	-16.425774557391
0.085620000958443	-16.230198915528
0.087609998881817	-16.039422410469
0.089599996805191	-15.853238472970
0.091590002179146	-15.671459184266
0.093580000102520	-15.493907613412
0.095569998025894	-15.320417645301
0.097560003399849	-15.150835742427
0.099550001323223	-14.985018288169
0.10153999924660	-14.822825495424
0.10352999716997	-14.664133382554
0.10552000254393	-14.508821313175
0.10751000046730	-14.356777396951
0.10949999839067	-14.207896080157
0.11148999631405	-14.062076730559
0.11348000168800	-13.919226462217
0.11546999961138	-13.779257114201
0.11745999753475	-13.642085765758
0.11945000290871	-13.507633181178
0.12144000083208	-13.375824884571
0.12342999875546	-13.246591693197
0.12542000412941	-13.119866529007
0.12740999460220	-12.995585404942
0.12939999997616	-12.873688939989
0.13139000535011	-12.754121635061
0.13337999582291	-12.636827314578
0.13537000119686	-12.521756027786
0.13736000657082	-12.408859032062
0.13934999704361	-12.298089253021
0.14134000241756	-12.189402019784
0.14332999289036	-12.082753783418
0.14531999826431	-11.978106080530
0.14731000363827	-11.875416500962
0.14929999411106	-11.774648545160
0.15128999948502	-11.675766872151
0.15328000485897	-11.578735663182
0.15526999533176	-11.483520213736
0.15726000070572	-11.390089109478
0.15925000607967	-11.298409630598
0.16123999655247	-11.208451442342
0.16323000192642	-11.120184673571
0.16522000730038	-11.033577612157
0.16720999777317	-10.948604976150
0.16920000314713	-10.865236621591
0.17118999361992	-10.783445369930
0.17317999899387	-10.703204698527
0.17517000436783	-10.624486809843
0.17715999484062	-10.547265870738
0.17915000021458	-10.471518864060
0.18114000558853	-10.397215238380
0.18312999606133	-10.324335055044
0.18512000143528	-10.252849836918
0.18711000680923	-10.182735100359
0.18909999728203	-10.113967595593
0.19109000265598	-10.046521898106
0.19307999312878	-9.9803766734256
0.19506999850273	-9.9155028560695
0.19706000387669	-9.8518818149776
0.19904999434948	-9.7894862675298
0.20103999972343	-9.7282943592119
0.20303000509739	-9.6682820455551
0.20501999557018	-9.6094263031147
0.20701000094414	-9.5517065580765
0.20900000631809	-9.4950968473815
0.21098999679089	-9.4395740921682
0.21298000216484	-9.3851200699731
0.21496999263763	-9.3317096940249
0.21695999801159	-9.2793205707214
0.21895000338554	-9.2279324981596
0.22093999385834	-9.1775252102879
0.22292999923229	-9.1280756747564
0.22492000460625	-9.0795652671503
0.22690999507904	-9.0319713032106
0.22890000045300	-8.9852756956871
0.23089000582695	-8.9394589070332
0.23287999629974	-8.8945002466799
0.23487000167370	-8.8503836514049
0.23686000704765	-8.8070924053818
0.23884999752045	-8.7646058215990
0.24084000289440	-8.7229083387423
0.24282999336720	-8.6819834039070
0.24481999874115	-8.6418170937591
0.24681000411510	-8.6023933250444
0.24879999458790	-8.5636971283795
0.25078999996185	-8.5257175773344
0.25277999043465	-8.4884393252289
0.25477001070976	-8.4518504521470
0.25676000118256	-8.4159425214321
0.25874999165535	-8.3807016027781
0.26074001193047	-8.3461184159033
0.26273000240326	-8.3121864102278
0.26471999287605	-8.2788961966501
0.26671001315117	-8.2462390786875
0.26870000362396	-8.2142106447629
0.27068999409676	-8.1828029047991
0.27268001437187	-8.1520120218100
0.27467000484467	-8.1218365753163
0.27665999531746	-8.0922677621197
0.27864998579025	-8.0633061665977
0.28064000606537	-8.0349489293006
0.28262999653816	-8.0071960695647
0.28461998701096	-7.9800460951073
0.28661000728607	-7.9535003646310
0.28859999775887	-7.9275574993151
0.29058998823166	-7.9022209832742
0.29258000850677	-7.8774909955294
0.29456999897957	-7.8533726117216
0.29655998945236	-7.8298658599933
0.29855000972748	-7.8069767201760
0.30054000020027	-7.7847086981191
0.30252999067307	-7.7630654693416
0.30452001094818	-7.7420514216774
0.30651000142097	-7.7216718921642
0.30849999189377	-7.7019340206545
0.31049001216888	-7.6828399936813
0.31248000264168	-7.6643967406148
0.31446999311447	-7.6466099849284
0.31646001338959	-7.6294856622244
0.31845000386238	-7.6130281657674
0.32043999433517	-7.5972444279709
0.32243001461029	-7.5821399986413
0.32442000508308	-7.5677189502140
0.32640999555588	-7.5539864154669
0.32839998602867	-7.5409490851546
0.33039000630379	-7.5286093681726
0.33237999677658	-7.5169719800668
0.33436998724937	-7.5060419470042
0.33636000752449	-7.4958211800099
0.33834999799728	-7.4863147720622
0.34033998847008	-7.4775213721782
0.34233000874519	-7.4694462399678
0.34431999921799	-7.4620881870526
0.34630998969078	-7.4554498749050
0.34830000996590	-7.4495295069763
0.35029000043869	-7.4443281829784
0.35227999091148	-7.4398420973746
0.35427001118660	-7.4360716148103
0.35626000165939	-7.4330127050657
0.35824999213219	-7.4306600066512
0.36024001240730	-7.4290105633026
0.36223000288010	-7.4280604637783
0.36421999335289	-7.4278020930050
0.36621001362801	-7.4282277653236
0.36820000410080	-7.4293313786893
0.37018999457359	-7.4311035682959
0.37218001484871	-7.4335356926750
0.37417000532150	-7.4366171273107
0.37615999579430	-7.4403373819638
0.37814998626709	-7.4446835748597
0.38014000654221	-7.4496451171898
0.38212999701500	-7.4552079166838
0.38411998748779	-7.4613587544858
0.38611000776291	-7.4680827204751
0.38809999823570	-7.4753646145400
0.39008998870850	-7.4831891968906
0.39208000898361	-7.4915401908928
0.39406999945641	-7.5004011088142
0.39605998992920	-7.5097544365142
0.39805001020432	-7.5195822409553
0.40004000067711	-7.5298667561437
0.40202999114990	-7.5405907349496
0.40402001142502	-7.5517346413525
0.40601000189781	-7.5632813136505
0.40799999237061	-7.5752109796498
0.40999001264572	-7.5875036297007
0.41198000311852	-7.6001436354171
0.41396999359131	-7.6131115073764
0.41596001386642	-7.6263881127283
0.41795000433922	-7.6399560262948
0.41993999481201	-7.6537973196312
0.42192998528481	-7.6678938630292
0.42392000555992	-7.6822308985266
0.42590999603271	-7.6967902259909
0.42789998650551	-7.7115584135934
0.42989000678062	-7.7265193128075
0.43187999725342	-7.7416583950165
0.43386998772621	-7.7569631778047
0.43586000800133	-7.7724206751529
0.43784999847412	-7.7880211392583
0.43983998894691	-7.8037539067004
0.44183000922203	-7.8196084806158
0.44381999969482	-7.8355774522387
0.44580999016762	-7.8516545722232
0.44780001044273	-7.8678334245758
0.44979000091553	-7.8841094449581
0.45177999138832	-7.9004808121582
0.45377001166344	-7.9169446709463
0.45576000213623	-7.9335018285236
0.45774999260902	-7.9501514153502
0.45974001288414	-7.9668964392994
0.46173000335693	-7.9837402312733
0.46371999382973	-8.0006879060906
0.46571001410484	-8.0177457805489
0.46770000457764	-8.0349211288537
0.46968999505043	-8.0522230733685
0.47167998552322	-8.0696596865516
0.47367000579834	-8.0872448225635
0.47565999627113	-8.1049883639801
0.47764998674393	-8.1229037113249
0.47964000701904	-8.1410068481676
0.48162999749184	-8.1593124076548
0.48361998796463	-8.1778343891541
0.48561000823975	-8.1965934033113
0.48759999871254	-8.2156055205344
0.48958998918533	-8.2348873806256
0.49158000946045	-8.2544601237275
0.49356999993324	-8.2743419701365
0.49555999040604	-8.2945551292595
0.49755001068115	-8.3151165917265
0.49954000115395	-8.3360498620459
0.50152999162674	-8.3573740551856
0.50352001190186	-8.3791099638527
0.50550997257233	-8.4012801287407
0.50749999284744	-8.4239028545558
0.50949001312256	-8.4470013718336
0.51147997379303	-8.4705930467385
0.51346999406815	-8.4947001644991
0.51546001434326	-8.5193424385287
0.51744997501373	-8.5445375556311
0.51943999528885	-8.5703052262286
0.52143001556396	-8.5966636965274
0.52341997623444	-8.6236285922755
0.52540999650955	-8.6512182258542
0.52740001678467	-8.6794499459076
0.52938997745514	-8.7083349896109
0.53137999773026	-8.7378891798907
0.53337001800537	-8.7681258637058
0.53535997867584	-8.7990549435950
0.53734999895096	-8.8306896684469
0.53934001922607	-8.8630378494052
0.54132997989655	-8.8961084443083
0.54332000017166	-8.9299101827632
0.54531002044678	-8.9644471323325
0.54729998111725	-8.9997249679429
0.54929000139236	-9.0357472523109
0.55128002166748	-9.0725143188863
0.55326998233795	-9.1100292725010
0.55526000261307	-9.1482908335131
0.55725002288818	-9.1872942602006
0.55923998355865	-9.2270401873700
0.56123000383377	-9.2675221130099
0.56322002410889	-9.3087318935468
0.56520998477936	-9.3506645662696
0.56720000505447	-9.3933080006676
0.56919002532959	-9.4366553836407
0.57117998600006	-9.4806923866734
0.57317000627518	-9.5254048199695
0.57516002655029	-9.5707822071721
0.57714998722076	-9.6168030453734
0.57914000749588	-9.6634540484084
0.58113002777100	-9.7107143915936
0.58311998844147	-9.7585647140045
0.58511000871658	-9.8069843662624
0.58710002899170	-9.8559522358220
0.58908998966217	-9.9054437050090
0.59108000993729	-9.9554325134505
0.59306997060776	-10.005896181894
0.59505999088287	-10.056806943035
0.59705001115799	-10.108137145593
0.59903997182846	-10.159859433826
0.60102999210358	-10.211942784753
0.60302001237869	-10.264361286138
0.60500997304916	-10.317080430197
0.60699999332428	-10.370070222022
0.60899001359940	-10.423301411926
0.61097997426987	-10.476737429804
0.61296999454498	-10.530351197825
0.61496001482010	-10.584106845613
0.61694997549057	-10.637970397232
0.61893999576569	-10.691913327799
0.62093001604080	-10.745899015849
0.62291997671127	-10.799893425689
0.62490999698639	-10.853867024439
0.62690001726151	-10.907783954362
0.62888997793198	-10.961612905415
0.63087999820709	-11.015322405966
0.63287001848221	-11.068880935911
0.63485997915268	-11.122254080555
0.63684999942780	-11.175411615668
0.63884001970291	-11.228325116671
0.64082998037338	-11.280963185039
0.64282000064850	-11.333297134620
0.64481002092361	-11.385297110636
0.64679998159409	-11.436936946368
0.64879000186920	-11.488186508169
0.65078002214432	-11.539023190070
0.65276998281479	-11.589417924447
0.65476000308990	-11.639347251981
0.65675002336502	-11.688784674699
0.65873998403549	-11.737708715133
0.66073000431061	-11.786096831749
0.66272002458572	-11.833924580203
0.66470998525620	-11.881171431628
0.66670000553131	-11.927814347064
0.66869002580643	-11.973836464970
0.67067998647690	-12.019217015056
0.67267000675201	-12.063934168784
0.67466002702713	-12.107970546410
0.67664998769760	-12.151306436497
0.67864000797272	-12.193924474228
0.68063002824783	-12.235805655878
0.68261998891830	-12.276932527296
0.68461000919342	-12.317285586208
0.68660002946854	-12.356850347498
0.68858999013901	-12.395606479470
0.69058001041412	-12.433536529532
0.69256997108459	-12.470623056062
0.69455999135971	-12.506848215428
0.69655001163483	-12.542193557634
0.69853997230530	-12.576639575231
0.70052999258041	-12.610169310239
0.70252001285553	-12.642763742427
0.70450997352600	-12.674403028429
0.70649999380112	-12.705068525726
0.70849001407623	-12.734740223728
0.71047997474670	-12.763399103922
0.71246999502182	-12.791025625815
0.71446001529694	-12.817598058809
0.71644997596741	-12.843097995958
0.71843999624252	-12.867503403425
0.72043001651764	-12.890796299552
0.72241997718811	-12.912954116806
0.72440999746323	-12.933959104853
0.72640001773834	-12.953790632713
0.72838997840881	-12.972430191914
0.73037999868393	-12.989857596989
0.73237001895905	-13.006056191585
0.73435997962952	-13.021008067012
0.73634999990463	-13.034695314976
0.73834002017975	-13.047103002657
0.74032998085022	-13.058218346803
0.74232000112534	-13.068023065217
0.74431002140045	-13.076509151524
0.74629998207092	-13.083664135527
0.74829000234604	-13.089476827869
0.75028002262115	-13.093942879949
0.75226998329163	-13.097053833237
0.75426000356674	-13.098804676221
0.75625002384186	-13.099195436896
0.75823998451233	-13.098223427354
0.76023000478745	-13.095890138834
0.76222002506256	-13.092198904129
0.76420998573303	-13.087156863267
0.76620000600815	-13.080770462837
0.76819002628326	-13.073050042855
0.77017998695374	-13.064005358661
0.77217000722885	-13.053651019112
0.77416002750397	-13.042003951102
0.77614998817444	-13.029081897332
0.77814000844955	-13.014904394209
0.78013002872467	-12.999490915815
0.78211998939514	-12.982869173854
0.78411000967026	-12.965060879393
0.78609997034073	-12.946093493311
0.78808999061584	-12.925995241344
0.79008001089096	-12.904796363053
0.79206997156143	-12.882528451387
0.79405999183655	-12.859221670348
0.79605001211166	-12.834909809414
0.79803997278214	-12.809625756283
0.80002999305725	-12.783406303351
0.80202001333237	-12.756284559999
0.80400997400284	-12.728297218900
0.80599999427795	-12.699480159821
0.80799001455307	-12.669869499409
0.80997997522354	-12.639502092082
0.81196999549866	-12.608413890737
0.81396001577377	-12.576640719416
0.81594997644424	-12.544217519628
0.81793999671936	-12.511181447128
0.81993001699448	-12.477567170156
0.82191997766495	-12.443408481551
0.82390999794006	-12.408740524082
0.82590001821518	-12.373594204188
0.82788997888565	-12.338004954530
0.82987999916077	-12.302001345768
0.83187001943588	-12.265615792069
0.83385998010635	-12.228877300423
0.83585000038147	-12.191814622885
0.83784002065659	-12.154454605786
0.83982998132706	-12.116825809385
0.84182000160217	-12.078952596743
0.84381002187729	-12.040859296923
0.84579998254776	-12.002570900163
0.84779000282288	-11.964107062923
0.84978002309799	-11.925492772890
0.85176998376846	-11.886744856620
0.85376000404358	-11.847884730050
0.85575002431870	-11.808929378172
0.85773998498917	-11.769898064369
0.85973000526428	-11.730806661762
0.86172002553940	-11.691668774868
0.86370998620987	-11.652501717086
0.86570000648499	-11.613315373194
0.86769002676010	-11.574128445194
0.86967998743057	-11.534948629037
0.87167000770569	-11.495788654157
0.87366002798080	-11.456659753235
0.87564998865128	-11.417572722425
0.87764000892639	-11.378535740489
0.87963002920151	-11.339559504575
0.88161998987198	-11.300650958519
0.88361001014709	-11.261820344193
0.88559997081757	-11.223074790186
0.88758999109268	-11.184419783904
0.88958001136780	-11.145865642039
0.89156997203827	-11.107416787092
0.89355999231339	-11.069079464845
0.89555001258850	-11.030861876213
0.89753997325897	-10.992770858662
0.89952999353409	-10.954810096042
0.90152001380920	-10.916987595651
0.90350997447968	-10.879306587149
0.90549999475479	-10.841775935186
0.90749001502991	-10.804400056052
0.90947997570038	-10.767184970226
0.91146999597549	-10.730136668847
0.91346001625061	-10.693260052884
0.91544997692108	-10.656561779711
0.91743999719620	-10.620047727252
0.91943001747131	-10.583724812343
0.92141997814178	-10.547596271471
0.92340999841690	-10.511672576783
0.92540001869202	-10.475955490747
0.92738997936249	-10.440454193927
0.92937999963760	-10.405174432971
0.93137001991272	-10.370122801257
0.93335998058319	-10.335305326292
0.93535000085831	-10.300729722219
0.93734002113342	-10.266401441757
0.93932998180389	-10.232327898378
0.94132000207901	-10.198515415897
0.94331002235413	-10.164973182245
0.94529998302460	-10.131705319747
0.94729000329971	-10.098719271427
0.94928002357483	-10.066023591656
0.95126998424530	-10.033625173524
0.95326000452042	-10.001527046389
0.95525002479553	-9.9697422205800
0.95723998546600	-9.9382731729191
0.95923000574112	-9.9071294214882
0.96122002601624	-9.8763152043221
0.96320998668671	-9.8458387738453
0.96520000696182	-9.8157061243167
0.96719002723694	-9.7859240612986
0.96917998790741	-9.7564995237526
0.97117000818253	-9.7274368359562
0.97316002845764	-9.6987440140274
0.97514998912811	-9.6704253339831
0.97714000940323	-9.6424887712307
0.97913002967834	-9.6149366256240
0.98111999034882	-9.5877777514042
0.98311001062393	-9.5610153590281
0.98509997129440	-9.5346539698380
0.98708999156952	-9.5086984724068
0.98908001184464	-9.4831540937634
0.99106997251511	-9.4580241085963
0.99305999279022	-9.4333141425431
0.99505001306534	-9.4090254348542
0.99703997373581	-9.3851632527526
0.99902999401093	-9.3617307423677
1.0010199546814	-9.3387292330656
1.0030100345612	-9.3161617795044
1.0049999952316	-9.2940317146686
1.0069899559021	-9.2723410856147
1.0089800357819	-9.2510891227706
1.0109699964523	-9.2302815019683
1.0129599571228	-9.2099160234316
1.0149500370026	-9.1899943177798
1.0169399976730	-9.1705185386540
1.0189299583435	-9.1514868972967
1.0209200382233	-9.1329022079514
1.0229099988937	-9.1147610689857
1.0248999595642	-9.0970649863447
1.0268900394440	-9.0798137064113
1.0288800001144	-9.0630051013659
1.0308699607849	-9.0466382215619
1.0328600406647	-9.0307119627083
1.0348500013351	-9.0152248837925
1.0368399620056	-9.0001742500033
1.0388300418854	-8.9855577671742
1.0408200025558	-8.9713742674089
1.0428099632263	-8.9576208638222
1.0448000431061	-8.9442932671637
1.0467900037766	-8.9313906369458
1.0487799644470	-8.9189084539656
1.0507700443268	-8.9068434948514
1.0527600049973	-8.8951934371467
1.0547499656677	-8.8839539586617
1.0567400455475	-8.8731215257573
1.0587300062180	-8.8626919756060
1.0607199668884	-8.8526593735049
1.0627100467682	-8.8430215953507
1.0647000074387	-8.8337741470233
1.0666899681091	-8.8249133082103
1.0686800479889	-8.8164324047535
1.0706700086594	-8.8083306040969
1.0726599693298	-8.8005987450821
1.0746500492096	-8.7932352958833
1.0766400098801	-8.7862341079050
1.0786299705505	-8.7795907921854
1.0806200504303	-8.7733004814312
1.0826100111008	-8.7673569000186
1.0845999717712	-8.7617594747679
1.0865900516510	-8.7564988574604
1.0885800123215	-8.7515717937469
1.0905699729919	-8.7469737379261
1.0925600528717	-8.7427004925827
1.0945500135422	-8.7387456842650
1.0965399742126	-8.7351060521783
1.0985300540924	-8.7317756980408
1.1005200147629	-8.7287509313425
1.1025099754333	-8.7260257338292
1.1045000553131	-8.7235978162845
1.1064900159836	-8.7214603718000
1.1084799766541	-8.7196107300452
1.1104700565338	-8.7180451982551
1.1124600172043	-8.7167579264412
1.1144499778748	-8.7157447206291
1.1164400577545	-8.7150022269817
1.1184300184250	-8.7145284622767
1.1204199790955	-8.7143178419480
1.1224100589752	-8.7143668348240
1.1244000196457	-8.7146706135082
1.1263899803162	-8.7152287012350
1.1283799409866	-8.7160360228880
1.1303700208664	-8.7170881115739
1.1323599815369	-8.7183847290453
1.1343499422073	-8.7199224984195
1.1363400220871	-8.7216952539399
1.1383299827576	-8.7237052735774
1.1403199434280	-8.7259456267053
1.1423100233078	-8.7284160197525
1.1442999839783	-8.7311146016425
1.1462899446487	-8.7340363832977
1.1482800245285	-8.7371808579793
1.1502699851990	-8.7405458810157
1.1522599458694	-8.7441290966287
1.1542500257492	-8.7479286874280
1.1562399864197	-8.7519415782244
1.1582299470901	-8.7561668094487
1.1602200269699	-8.7606013146652
1.1622099876404	-8.7652452629639
1.1641999483109	-8.7700946663855
1.1661900281906	-8.7751497391985
1.1681799888611	-8.7804059635304
1.1701699495316	-8.7858621782165
1.1721600294113	-8.7915174301287
1.1741499900818	-8.7973707492627
1.1761399507523	-8.8034156890766
1.1781300306320	-8.8096553454460
1.1801199913025	-8.8160833222804
1.1821099519730	-8.8227003393108
1.1841000318527	-8.8295010724096
1.1860899925232	-8.8364852110911
1.1880799531937	-8.8436482281036
1.1900700330734	-8.8509910507228
1.1920599937439	-8.8585050760223
1.1940499544144	-8.8661909934914
1.1960400342941	-8.8740431212879
1.1980299949646	-8.8820604279853
1.2000199556351	-8.8902382995286
1.2020100355148	-8.8985713040745
1.2039999961853	-8.9070559383153
1.2059899568558	-8.9156893294406
1.2079800367355	-8.9244636832972
1.2099699974060	-8.9333790810611
1.2119599580765	-8.9424245078193
1.2139500379562	-8.9515995149892
1.2159399986267	-8.9608940631187
1.2179299592972	-8.9703068448964
1.2199200391769	-8.9798265128993
1.2219099998474	-8.9894522615998
1.2238999605179	-8.9991732130727
1.2258900403976	-9.0089854863114
1.2278800010681	-9.0188805940543
1.2298699617386	-9.0288490192801
1.2318600416183	-9.0388877150712
1.2338500022888	-9.0489841070677
1.2358399629593	-9.0591343008075
1.2378300428391	-9.0693267528272
1.2398200035095	-9.0795558403917
1.2418099641800	-9.0898113160941
1.2438000440598	-9.1000851353006
1.2457900047302	-9.1103674148340
1.2477799654007	-9.1206493132175
1.2497700452805	-9.1309235979683
1.2517600059509	-9.1411806931426
1.2537499666214	-9.1514090958139
1.2557400465012	-9.1616017445629
1.2577300071716	-9.1717462733972
1.2597199678421	-9.1818378722624
1.2617100477219	-9.1918632087665
1.2637000083923	-9.2018162736871
1.2656899690628	-9.2116856745982
1.2676800489426	-9.2214628375645
1.2696700096130	-9.2311398662337
1.2716599702835	-9.2407066266215
1.2736500501633	-9.2501543673443
1.2756400108337	-9.2594751279657
1.2776299715042	-9.2686632519407
1.2796200513840	-9.2777058018127
1.2816100120544	-9.2865984386368
1.2835999727249	-9.2953321576045
1.2855900526047	-9.3039007393068
1.2875800132751	-9.3122953850003
1.2895699739456	-9.3205140825672
1.2915600538254	-9.3285452151739
1.2935500144958	-9.3363861952870
1.2955399751663	-9.3440307633605
1.2975300550461	-9.3514724376082
1.2995200157166	-9.3587096080704
1.3015099763870	-9.3657371045285
1.3035000562668	-9.3725486156385
1.3054900169373	-9.3791434669567
1.3074799776077	-9.3855176932545
1.3094700574875	-9.3916687284302
1.3114600181580	-9.3975938777680
1.3134499788284	-9.4032908718742
1.3154400587082	-9.4087585511683
1.3174300193787	-9.4139973889703
1.3194199800491	-9.4190057820078
1.3214099407196	-9.4237831246177
1.3234000205994	-9.4283286067476
1.3253899812698	-9.4326432163981
1.3273799419403	-9.4367303409741
1.3293700218201	-9.4405864940544
1.3313599824905	-9.4442161628891
1.3333499431610	-9.4476184152784
1.3353400230408	-9.4507954301951
1.3373299837112	-9.4537518341676
1.3393199443817	-9.4564870152540
1.3413100242615	-9.4590058510658
1.3432999849319	-9.4613073669959
1.3452899456024	-9.4633957293913
1.3472800254822	-9.4652736791227
1.3492699861526	-9.4669423964432
1.3512599468231	-9.4684076189743
1.3532500267029	-9.4696703723027
1.3552399873734	-9.4707325490169
1.3572299480438	-9.4715992119952
1.3592200279236	-9.4722708186934
1.3612099885941	-9.4727492710417
1.3631999492645	-9.4730407739349
1.3651900291443	-9.4731440412950
1.3671799898148	-9.4730618777971
1.3691699504852	-9.4727979299769
1.3711600303650	-9.4723518470461
1.3731499910355	-9.4717276939471
1.3751399517059	-9.4709277154428
1.3771300315857	-9.4699491315794
1.3791199922562	-9.4687991034273
1.3811099529266	-9.4674730056031
1.3831000328064	-9.4659739188109
1.3850899934769	-9.4643038556887
1.3870799541473	-9.4624627460983
1.3890700340271	-9.4604485297901
1.3910599946976	-9.4582624231706
1.3930499553680	-9.4559067233722
1.3950400352478	-9.4533781171573
1.3970299959183	-9.4506780585647
1.3990199565887	-9.4478039547658
1.4010100364685	-9.4447572600166
1.4029999971390	-9.4415347616167
1.4049899578094	-9.4381394347940
1.4069800376892	-9.4345652991233
1.4089699983597	-9.4308155847513
1.4109599590302	-9.4268849869668
1.4129500389099	-9.4227760992975
1.4149399995804	-9.4184847138585
1.4169299602509	-9.4140111191713
1.4189200401306	-9.4093564536852
1.4209100008011	-9.4045140033743
1.4228999614716	-9.3994878871016
1.4248900413513	-9.3942740122479
1.4268800020218	-9.3888728846826
1.4288699626923	-9.3832850964920
1.4308600425720	-9.3775065381091
1.4328500032425	-9.3715390670626
1.4348399639130	-9.3653826216790
1.4368300437927	-9.3590371833132
1.4388200044632	-9.3525012331579
1.4408099651337	-9.3457766504904
1.4428000450134	-9.3388621468136
1.4447900056839	-9.3317627586266
1.4467799663544	-9.3244755380275
1.4487700462341	-9.3170046706222
1.4507600069046	-9.3093499326029
1.4527499675751	-9.3015127856549
1.4547400474548	-9.2934994987362
1.4567300081253	-9.2853064904616
1.4587199687958	-9.2769404280732
1.4607100486755	-9.2684048246801
1.4627000093460	-9.2597019260809
1.4646899700165	-9.2508339632244
1.4666800498962	-9.2418054488972
1.4686700105667	-9.2326229432686
1.4706599712372	-9.2232884167821
1.4726500511169	-9.2138056697982
1.4746400117874	-9.2041816226054
1.4766299724579	-9.1944189771588
1.4786200523376	-9.1845258102054
1.4806100130081	-9.1745037659023
1.4825999736786	-9.1643616659944
1.4845900535583	-9.1541016732053
1.4865800142288	-9.1437331984954
1.4885699748993	-9.1332585138439
1.4905600547791	-9.1226863042759
1.4925500154495	-9.1120211018600
1.4945399761200	-9.1012673368397
1.4965300559998	-9.0904333956238
1.4985200166702	-9.0795246395646
1.5005099773407	-9.0685458844807
1.5025000572205	-9.0575020344797
1.5044900178909	-9.0464020417994
1.5064799785614	-9.0352512081119
1.5084700584412	-9.0240506995136
1.5104600191116	-9.0128117459214
1.5124499797821	-9.0015345204326
1.5144399404526	-8.9902283364993
1.5164300203323	-8.9788966825567
1.5184199810028	-8.9675442432105
1.5204099416733	-8.9561778011522
1.5224000215530	-8.9447988394877
1.5243899822235	-8.9334130412636
1.5263799428940	-8.9220257675173
1.5283700227737	-8.9106398389080
1.5303599834442	-8.8992569896541
1.5323499441147	-8.8878851276289
1.5343400239944	-8.8765243058177
1.5363299846649	-8.8651803590391
1.5383199453354	-8.8538539908693
1.5403100252151	-8.8425476050416
1.5422999858856	-8.8312664583815
1.5442899465561	-8.8200126864969
1.5462800264359	-8.8087852294737
1.5482699871063	-8.7975888373281
1.5502599477768	-8.7864241396753
1.5522500276566	-8.7752951165235
1.5542399883270	-8.7642011440363
1.5562299489975	-8.7531431102983
1.5582200288773	-8.7421235811241
1.5602099895477	-8.7311421488774
1.5621999502182	-8.7202014137880
1.5641900300980	-8.7093019605167
1.5661799907684	-8.6984457169652
1.5681699514389	-8.6876297421191
1.5701600313187	-8.6768573911802
1.5721499919891	-8.6661291346582
1.5741399526596	-8.6554438280115
1.5761300325394	-8.6448040210195
1.5781199932098	-8.6342079907069
1.5801099538803	-8.6236592678153
1.5821000337601	-8.6131530654000
1.5840899944305	-8.6026943767547
1.5860799551010	-8.5922815681156
1.5880700349808	-8.5819136380929
1.5900599956512	-8.5715929040685
1.5920499563217	-8.5613190975395
1.5940400362015	-8.5510936039727
1.5960299968719	-8.5409149480481
1.5980199575424	-8.5307836111516
1.6000100374222	-8.5207022150798
1.6019999980927	-8.5106671759087
1.6039899587631	-8.5006833504313
1.6059800386429	-8.4907470517555
1.6079699993134	-8.4808626211794
1.6099599599838	-8.4710283609022
1.6119500398636	-8.4612453792570
1.6139400005341	-8.4515132739448
1.6159299612045	-8.4418348311067
1.6179200410843	-8.4322092592200
1.6199100017548	-8.4226364269542
1.6218999624252	-8.4131196094768
1.6238900423050	-8.4036565427226
1.6258800029755	-8.3942490085500
1.6278699636459	-8.3848994192124
1.6298600435257	-8.3756054996525
1.6318500041962	-8.3663675206480
1.6338399648666	-8.3571905391371
1.6358300447464	-8.3480725862229
1.6378200054169	-8.3390122998423
1.6398099660873	-8.3300138061801
1.6418000459671	-8.3210744683898
1.6437900066376	-8.3121986529485
1.6457799673080	-8.3033829334415
1.6477700471878	-8.2946304691600
1.6497600078583	-8.2859387501720
1.6517499685287	-8.2773104559700
1.6537400484085	-8.2687466140351
1.6557300090790	-8.2602453202527
1.6577199697495	-8.2518072016462
1.6597100496292	-8.2434351790010
1.6617000102997	-8.2351248582101
1.6636899709702	-8.2268796096067
1.6656800508499	-8.2186985442767
1.6676700115204	-8.2105805579522
1.6696599721909	-8.2025285590023
1.6716500520706	-8.1945381830316
1.6736400127411	-8.1866132218480
1.6756299734116	-8.1787530771773
1.6776200532913	-8.1709540105427
1.6796100139618	-8.1632194733736
1.6815999746323	-8.1555491583588
1.6835900545120	-8.1479426398846
1.6855800151825	-8.1403985956545
1.6875699758530	-8.1329149514233
1.6895600557327	-8.1254966674650
1.6915500164032	-8.1181404108083
1.6935399770737	-8.1108481481657
1.6955300569534	-8.1036183772058
1.6975200176239	-8.0964499334576
1.6995099782944	-8.0893447114528
1.7015000581741	-8.0823025509344
1.7034900188446	-8.0753241340066
1.7054799795151	-8.0684072709361
1.7074700593948	-8.0615558995597
1.7094600200653	-8.0547695823748
1.7114499807358	-8.0480475558335
1.7134399414062	-8.0413898035705
1.7154300212860	-8.0347994614910
1.7174199819565	-8.0282753952427
1.7194099426270	-8.0218213296597
1.7214000225067	-8.0154337633096
1.7233899831772	-8.0091186463606
1.7253799438477	-8.0028738889329
1.7273700237274	-7.9967012813122
1.7293599843979	-7.9906038966722
1.7313499450684	-7.9845806257025
1.7333400249481	-7.9786363894476
1.7353299856186	-7.9727687410570
1.7373199462891	-7.9669834897629
1.7393100261688	-7.9612809391585
1.7412999868393	-7.9556618461384
1.7432899475098	-7.9501288154516
1.7452800273895	-7.9446853591548
1.7472699880600	-7.9393327150044
1.7492599487305	-7.9340703065872
1.7512500286102	-7.9289034658720
1.7532399892807	-7.9238334606557
1.7552299499512	-7.9188602739200
1.7572200298309	-7.9139877873567
1.7592099905014	-7.9092178877300
1.7611999511719	-7.9045532506162
1.7631900310516	-7.8999946364511
1.7651799917221	-7.8955440503933
1.7671699523926	-7.8912024607335
1.7691600322723	-7.8869732985433
1.7711499929428	-7.8828586323881
1.7731399536133	-7.8788564352061
1.7751300334930	-7.8749729879759
1.7771199941635	-7.8712036375272
1.7791099548340	-7.8675557488254
1.7811000347137	-7.8640261363970
1.7830899953842	-7.8606167043558
1.7850799560547	-7.8573283964209
1.7870700359344	-7.8541611189594
1.7890599966049	-7.8511139598798
1.7910499572754	-7.8481910892797
1.7930400371552	-7.8453899560907
1.7950299978256	-7.8427095847683
1.7970199584961	-7.8401528355688
1.7990100383759	-7.8377147965552
1.8009999990463	-7.8353968224547
1.8029899597168	-7.8331992865840
1.8049800395966	-7.8311202023000
1.8069700002670	-7.8291578997531
1.8089599609375	-7.8273127383697
1.8109500408173	-7.8255798731984
1.8129400014877	-7.8239606960927
1.8149299621582	-7.8224516680533
1.8169200420380	-7.8210537069876
1.8189100027084	-7.8197609970379
1.8208999633789	-7.8185729770848
1.8228900432587	-7.8174881213536
1.8248800039291	-7.8165033221853
1.8268699645996	-7.8156186950244
1.8288600444794	-7.8148273770706
1.8308500051498	-7.8141299514344
1.8328399658203	-7.8135216882464
1.8348300457001	-7.8130014727785
1.8368200063705	-7.8125686385591
1.8388099670410	-7.8122173879220
1.8408000469208	-7.8119458742240
1.8427900075912	-7.8117523245898
1.8447799682617	-7.8116347894215
1.8467700481415	-7.8115903497200
1.8487600088120	-7.8116162388191
1.8507499694824	-7.8117096848856
1.8527400493622	-7.8118699526516
1.8547300100327	-7.8120922278404
1.8567199707031	-7.8123774153254
1.8587100505829	-7.8127217814087
1.8607000112534	-7.8131234857407
1.8626899719238	-7.8135814791175
1.8646800518036	-7.8140937466702
1.8666700124741	-7.8146590494912
1.8686599731445	-7.8152751052586
1.8706500530243	-7.8159420458615
1.8726400136948	-7.8166563895982
1.8746299743652	-7.8174183647353
1.8766200542450	-7.8182281865576
1.8786100149155	-7.8190825359091
1.8805999755859	-7.8199825284702
1.8825900554657	-7.8209259830237
1.8845800161362	-7.8219121763993
1.8865699768066	-7.8229418847712
1.8885600566864	-7.8240139771847
1.8905500173569	-7.8251273871166
1.8925399780273	-7.8262824634112
1.8945300579071	-7.8274778778800
1.8965200185776	-7.8287139501545
1.8985099792480	-7.8299906875934
1.9005000591278	-7.8313065079651
1.9024900197983	-7.8326620671586
1.9044799804688	-7.8340558818765
1.9064699411392	-7.8354881470239
1.9084600210190	-7.8369580938203
1.9104499816895	-7.8384650274059
1.9124399423599	-7.8400086048853
1.9144300222397	-7.8415881886385
1.9164199829102	-7.8432028097630
1.9184099435806	-7.8448512532005
1.9204000234604	-7.8465328151150
1.9223899841309	-7.8482463933561
1.9243799448013	-7.8499901818138
1.9263700246811	-7.8517641437031
1.9283599853516	-7.8535652425551
1.9303499460220	-7.8553927536309
1.9323400259018	-7.8572446485106
1.9343299865723	-7.8591197703435
1.9363199472427	-7.8610146401750
1.9383100271225	-7.8629301492100
1.9402999877930	-7.8648609523445
1.9422899484634	-7.8668063764189
1.9442800283432	-7.8687639650481
1.9462699890137	-7.8707308738724
1.9482599496841	-7.8727057749158
1.9502500295639	-7.8746853159512
1.9522399902344	-7.8766665260008
1.9542299509048	-7.8786473745085
1.9562200307846	-7.8806254950883
1.9582099914551	-7.8825992006732
1.9601999521255	-7.8845636577620
1.9621900320053	-7.8865179102309
1.9641799926758	-7.8884591207760
1.9661699533463	-7.8903859413048
1.9681600332260	-7.8922947495837
1.9701499938965	-7.8941840853194
1.9721399545670	-7.8960516705377
1.9741300344467	-7.8978958834404
1.9761199951172	-7.8997154726639
1.9781099557877	-7.9015072934321
1.9801000356674	-7.9032725665807
1.9820899963379	-7.9050082948612
1.9840799570084	-7.9067136574739
1.9860700368881	-7.9083889821603
1.9880599975586	-7.9100331734343
1.9900499582291	-7.9116471992371
1.9920400381088	-7.9132297685923
1.9940299987793	-7.9147818065788
1.9960199594498	-7.9163051497898
1.9980100393295	-7.9177987298491
2.0000000000000	-7.9192660835476
