#Parameters = {Conductivity=2000; L=38; Thickness=0.01; W=3; depth=15}
#"Frequency / GHz"	"S1,1 (4) [Magnitude / dB]"
#---------------------------------------------
0.0099999997764826	-33.523804428269
0.011989999562502	-32.027221982428
0.013980000279844	-30.742995201636
0.015969999134541	-29.620158402972
0.017960000783205	-28.623640912683
0.019950000569224	-27.728465271174
0.021940000355244	-26.916293825828
0.023930000141263	-26.173296173819
0.025919999927282	-25.488806424058
0.027909999713302	-24.854433000870
0.029899999499321	-24.263459288243
0.031890001147985	-23.710432530887
0.033879999071360	-23.190863413165
0.035870000720024	-22.701014291327
0.037859998643398	-22.237740341098
0.039850000292063	-21.798373935539
0.041839998215437	-21.380629375489
0.043829999864101	-20.982533952475
0.045820001512766	-20.602376015314
0.047809999436140	-20.238657535068
0.049800001084805	-19.890063525669
0.051789999008179	-19.555432608026
0.053780000656843	-19.233731056593
0.055769998580217	-18.924036470259
0.057760000228882	-18.625527001810
0.059749998152256	-18.337457504308
0.061739999800920	-18.059161325790
0.063730001449585	-17.790030450823
0.065719999372959	-17.529514859872
0.067709997296333	-17.277114196057
0.069700002670288	-17.032368550725
0.071690000593662	-16.794860139885
0.073679998517036	-16.564202380186
0.075669996440411	-16.340041222806
0.077660001814365	-16.122049197789
0.079649999737740	-15.909926595637
0.081639997661114	-15.703388757645
0.083630003035069	-15.502182640108
0.085620000958443	-15.306062934131
0.087609998881817	-15.114806370641
0.089599996805191	-14.928204630882
0.091590002179146	-14.746062609201
0.093580000102520	-14.568196971507
0.095569998025894	-14.394438167892
0.097560003399849	-14.224624056307
0.099550001323223	-14.058608384906
0.10153999924660	-13.896247427447
0.10352999716997	-13.737409175058
0.10552000254393	-13.581968473161
0.10751000046730	-13.429808315865
0.10949999839067	-13.280817722604
0.11148999631405	-13.134892403778
0.11348000168800	-12.991932601228
0.11546999961138	-12.851844553261
0.11745999753475	-12.714541654987
0.11945000290871	-12.579937090972
0.12144000083208	-12.447953439857
0.12342999875546	-12.318514347248
0.12542000412941	-12.191548837136
0.12740999460220	-12.066987395470
0.12939999997616	-11.944766715801
0.13139000535011	-11.824822996355
0.13337999582291	-11.707100430506
0.13537000119686	-11.591539420627
0.13736000657082	-11.478089019476
0.13934999704361	-11.366698390438
0.14134000241756	-11.257315982252
0.14332999289036	-11.149897383809
0.14531999826431	-11.044395942540
0.14731000363827	-10.940769468664
0.14929999411106	-10.838977434158
0.15128999948502	-10.738980397892
0.15328000485897	-10.640738064484
0.15526999533176	-10.544214926164
0.15726000070572	-10.449376208977
0.15925000607967	-10.356186888260
0.16123999655247	-10.264614072303
0.16323000192642	-10.174626018174
0.16522000730038	-10.086190860872
0.16720999777317	-9.9992816168832
0.16920000314713	-9.9138654847404
0.17118999361992	-9.8299168472359
0.17317999899387	-9.7474062010286
0.17517000436783	-9.6663078680032
0.17715999484062	-9.5865947372972
0.17915000021458	-9.5082441405209
0.18114000558853	-9.4312269047229
0.18312999606133	-9.3555214289825
0.18512000143528	-9.2811034966122
0.18711000680923	-9.2079484396923
0.18909999728203	-9.1360355202763
0.19109000265598	-9.0653388624091
0.19307999312878	-8.9958384118253
0.19506999850273	-8.9275098119598
0.19706000387669	-8.8603366769442
0.19904999434948	-8.7942914030610
0.20103999972343	-8.7293581435047
0.20303000509739	-8.6655139316923
0.20501999557018	-8.6027379211078
0.20701000094414	-8.5410108913216
0.20900000631809	-8.4803120741286
0.21098999679089	-8.4206235549333
0.21298000216484	-8.3619260163742
0.21496999263763	-8.3041987098447
0.21695999801159	-8.2474223397518
0.21895000338554	-8.1915826912675
0.22093999385834	-8.1366576798751
0.22292999923229	-8.0826284355115
0.22492000460625	-8.0294822753356
0.22690999507904	-7.9771963617429
0.22890000045300	-7.9257581211392
0.23089000582695	-7.8751482946071
0.23287999629974	-7.8253523941773
0.23487000167370	-7.7763536206454
0.23686000704765	-7.7281346668981
0.23884999752045	-7.6806827025790
0.24084000289440	-7.6339825847644
0.24282999336720	-7.5880185588824
0.24481999874115	-7.5427792011737
0.24681000411510	-7.4982486558033
0.24879999458790	-7.4544133768991
0.25078999996185	-7.4112648371827
0.25277999043465	-7.3687874871946
0.25477001070976	-7.3269695809385
0.25676000118256	-7.2858039088013
0.25874999165535	-7.2452743959964
0.26074001193047	-7.2053778931810
0.26273000240326	-7.1661001642690
0.26471999287605	-7.1274333856766
0.26671001315117	-7.0893709942739
0.26870000362396	-7.0519049942994
0.27068999409676	-7.0150275807594
0.27268001437187	-6.9787338545420
0.27467000484467	-6.9430162669001
0.27665999531746	-6.9078723325498
0.27864998579025	-6.8732939946477
0.28064000606537	-6.8392800324234
0.28262999653816	-6.8058268718122
0.28461998701096	-6.7729296050874
0.28661000728607	-6.7405895342167
0.28859999775887	-6.7088021513480
0.29058998823166	-6.6775681311800
0.29258000850677	-6.6468851568506
0.29456999897957	-6.6167555688063
0.29655998945236	-6.5871778342130
0.29855000972748	-6.5581538325786
0.30054000020027	-6.5296833373167
0.30252999067307	-6.5017692794944
0.30452001094818	-6.4744151542524
0.30651000142097	-6.4476196836523
0.30849999189377	-6.4213879613086
0.31049001216888	-6.3957237907631
0.31248000264168	-6.3706269884025
0.31446999311447	-6.3461038476342
0.31646001338959	-6.3221583797026
0.31845000386238	-6.2987917318646
0.32043999433517	-6.2760097328971
0.32243001461029	-6.2538146990261
0.32442000508308	-6.2322111387503
0.32640999555588	-6.2112039234499
0.32839998602867	-6.1907948420152
0.33039000630379	-6.1709884220095
0.33237999677658	-6.1517879641353
0.33436998724937	-6.1331955008266
0.33636000752449	-6.1152151699272
0.33834999799728	-6.0978505244651
0.34033998847008	-6.0811026578048
0.34233000874519	-6.0649738652881
0.34431999921799	-6.0494656959310
0.34630998969078	-6.0345802877985
0.34830000996590	-6.0203177155721
0.35029000043869	-6.0066775309481
0.35227999091148	-5.9936588671965
0.35427001118660	-5.9812634469397
0.35626000165939	-5.9694879624347
0.35824999213219	-5.9583316310942
0.36024001240730	-5.9477917926146
0.36223000288010	-5.9378630951471
0.36421999335289	-5.9285440024172
0.36621001362801	-5.9198300874160
0.36820000410080	-5.9117140718203
0.37018999457359	-5.9041925802632
0.37218001484871	-5.8972566497652
0.37417000532150	-5.8908998881109
0.37615999579430	-5.8851146878130
0.37814998626709	-5.8798915470545
0.38014000654221	-5.8752228462208
0.38212999701500	-5.8710958962277
0.38411998748779	-5.8675014485331
0.38611000776291	-5.8644295336857
0.38809999823570	-5.8618650989687
0.39008998870850	-5.8597959253511
0.39208000898361	-5.8582119159048
0.39406999945641	-5.8570952919278
0.39605998992920	-5.8564351458525
0.39805001020432	-5.8562159393419
0.40004000067711	-5.8564198116665
0.40202999114990	-5.8570338276615
0.40402001142502	-5.8580434379601
0.40601000189781	-5.8594299193831
0.40799999237061	-5.8611754266773
0.40999001264572	-5.8632668820484
0.41198000311852	-5.8656846631790
0.41396999359131	-5.8684147054369
0.41596001386642	-5.8714387926128
0.41795000433922	-5.8747376232991
0.41993999481201	-5.8782981592742
0.42192998528481	-5.8821020311814
0.42392000555992	-5.8861338825491
0.42590999603271	-5.8903771789878
0.42789998650551	-5.8948161526484
0.42989000678062	-5.8994359726020
0.43187999725342	-5.9042224592392
0.43386998772621	-5.9091610445774
0.43586000800133	-5.9142390761975
0.43784999847412	-5.9194435813186
0.43983998894691	-5.9247622312319
0.44183000922203	-5.9301860895800
0.44381999969482	-5.9357022809632
0.44580999016762	-5.9413043206805
0.44780001044273	-5.9469821383709
0.44979000091553	-5.9527299673842
0.45177999138832	-5.9585399149507
0.45377001166344	-5.9644092962669
0.45576000213623	-5.9703324881472
0.45774999260902	-5.9763091578036
0.45974001288414	-5.9823380365549
0.46173000335693	-5.9884175869307
0.46371999382973	-5.9945481274434
0.46571001410484	-6.0007348942672
0.46770000457764	-6.0069782805502
0.46968999505043	-6.0132857563077
0.47167998552322	-6.0196619354449
0.47367000579834	-6.0261150807626
0.47565999627113	-6.0326533549600
0.47764998674393	-6.0392851102524
0.47964000701904	-6.0460216276637
0.48162999749184	-6.0528755291482
0.48361998796463	-6.0598585984208
0.48561000823975	-6.0669837890585
0.48759999871254	-6.0742666470768
0.48958998918533	-6.0817230799716
0.49158000946045	-6.0893688820592
0.49356999993324	-6.0972202553365
0.49555999040604	-6.1052946995103
0.49755001068115	-6.1136107415051
0.49954000115395	-6.1221881911461
0.50152999162674	-6.1310443152194
0.50352001190186	-6.1401998811904
0.50550997257233	-6.1496740692496
0.50749999284744	-6.1594874932301
0.50949001312256	-6.1696586068484
0.51147997379303	-6.1802086956786
0.51346999406815	-6.1911583815517
0.51546001434326	-6.2025270587260
0.51744997501373	-6.2143347484981
0.51943999528885	-6.2266005224160
0.52143001556396	-6.2393453405379
0.52341997623444	-6.2525853737230
0.52540999650955	-6.2663424615524
0.52740001678467	-6.2806340545126
0.52938997745514	-6.2954748581063
0.53137999773026	-6.3108833852318
0.53337001800537	-6.3268774287452
0.53535997867584	-6.3434710662644
0.53734999895096	-6.3606792239676
0.53934001922607	-6.3785158180103
0.54132997989655	-6.3969929457389
0.54332000017166	-6.4161236993517
0.54531002044678	-6.4359199930550
0.54729998111725	-6.4563925784975
0.54929000139236	-6.4775472858688
0.55128002166748	-6.4993959359508
0.55326998233795	-6.5219443433364
0.55526000261307	-6.5451995980144
0.55725002288818	-6.5691659115620
0.55923998355865	-6.5938466596306
0.56123000383377	-6.6192474703748
0.56322002410889	-6.6453670756579
0.56520998477936	-6.6722081628796
0.56720000505447	-6.6997706087823
0.56919002532959	-6.7280511169540
0.57117998600006	-6.7570500351949
0.57317000627518	-6.7867616509904
0.57516002655029	-6.8171839591763
0.57714998722076	-6.8483084531596
0.57914000749588	-6.8801307350041
0.58113002777100	-6.9126420035777
0.58311998844147	-6.9458350244759
0.58511000871658	-6.9797000327510
0.58710002899170	-7.0142261193433
0.58908998966217	-7.0494043107286
0.59108000993729	-7.0852204694082
0.59306997060776	-7.1216653153292
0.59505999088287	-7.1587209430604
0.59705001115799	-7.1963785993640
0.59903997182846	-7.2346208043466
0.60102999210358	-7.2734341863596
0.60302001237869	-7.3128016536173
0.60500997304916	-7.3527095604659
0.60699999332428	-7.3931399810686
0.60899001359940	-7.4340769091009
0.61097997426987	-7.4755053878184
0.61296999454498	-7.5174061468411
0.61496001482010	-7.5597650642173
0.61694997549057	-7.6025633120258
0.61893999576569	-7.6457832806754
0.62093001604080	-7.6894106552779
0.62291997671127	-7.7334282146224
0.62490999698639	-7.7778188097505
0.62690001726151	-7.8225660096832
0.62888997793198	-7.8676546293006
0.63087999820709	-7.9130715012561
0.63287001848221	-7.9587974144591
0.63485997915268	-8.0048223429621
0.63684999942780	-8.0511302221294
0.63884001970291	-8.0977095395250
0.64082998037338	-8.1445477357458
0.64282000064850	-8.1916301954440
0.64481002092361	-8.2389513110290
0.64679998159409	-8.2864948239781
0.64879000186920	-8.3342558412361
0.65078002214432	-8.3822239034400
0.65276998281479	-8.4303934288443
0.65476000308990	-8.4787529096274
0.65675002336502	-8.5273004354134
0.65873998403549	-8.5760297404934
0.66073000431061	-8.6249342768203
0.66272002458572	-8.6740109502340
0.66470998525620	-8.7232594262887
0.66670000553131	-8.7726747379235
0.66869002580643	-8.8222570841969
0.67067998647690	-8.8720034053173
0.67267000675201	-8.9219157434710
0.67466002702713	-8.9719918732462
0.67664998769760	-9.0222358169078
0.67864000797272	-9.0726445145034
0.68063002824783	-9.1232236177543
0.68261998891830	-9.1739736886779
0.68461000919342	-9.2248959922737
0.68660002946854	-9.2759929701578
0.68858999013901	-9.3272679316747
0.69058001041412	-9.3787198505659
0.69256997108459	-9.4303553273881
0.69455999135971	-9.4821732397499
0.69655001163483	-9.5341766582159
0.69853997230530	-9.5863644587201
0.70052999258041	-9.6387400535558
0.70252001285553	-9.6913037763794
0.70450997352600	-9.7440531515202
0.70649999380112	-9.7969864980541
0.70849001407623	-9.8501058103627
0.71047997474670	-9.9034037534284
0.71246999502182	-9.9568769468689
0.71446001529694	-10.010521431706
0.71644997596741	-10.064329399677
0.71843999624252	-10.118297267509
0.72043001651764	-10.172410835333
0.72241997718811	-10.226662873268
0.72440999746323	-10.281041093245
0.72640001773834	-10.335532933018
0.72838997840881	-10.390122588467
0.73037999868393	-10.444794363188
0.73237001895905	-10.499528661805
0.73435997962952	-10.554307573953
0.73634999990463	-10.609111333519
0.73834002017975	-10.663912510852
0.74032998085022	-10.718690898515
0.74232000112534	-10.773417504824
0.74431002140045	-10.828063365679
0.74629998207092	-10.882601961979
0.74829000234604	-10.937000505117
0.75028002262115	-10.991223595081
0.75226998329163	-11.045241907202
0.75426000356674	-11.099014497107
0.75625002384186	-11.152506114252
0.75823998451233	-11.205678329723
0.76023000478745	-11.258490515402
0.76222002506256	-11.310902066571
0.76420998573303	-11.362868200668
0.76620000600815	-11.414349718570
0.76819002628326	-11.465300210989
0.77017998695374	-11.515676119199
0.77217000722885	-11.565429858175
0.77416002750397	-11.614519119626
0.77614998817444	-11.662895133349
0.77814000844955	-11.710512919866
0.78013002872467	-11.757325784915
0.78211998939514	-11.803288555579
0.78411000967026	-11.848354003303
0.78609997034073	-11.892479262436
0.78808999061584	-11.935617838264
0.79008001089096	-11.977727938686
0.79206997156143	-12.018765513759
0.79405999183655	-12.058688816673
0.79605001211166	-12.097458036423
0.79803997278214	-12.135032912362
0.80002999305725	-12.171376719238
0.80202001333237	-12.206452981109
0.80400997400284	-12.240227328796
0.80599999427795	-12.272669029378
0.80799001455307	-12.303744001666
0.80997997522354	-12.333425781886
0.81196999549866	-12.361687810709
0.81396001577377	-12.388503620267
0.81594997644424	-12.413851027482
0.81793999671936	-12.437710094485
0.81993001699448	-12.460062664363
0.82191997766495	-12.480890477397
0.82390999794006	-12.500179577692
0.82590001821518	-12.517917993917
0.82788997888565	-12.534095340592
0.82987999916077	-12.548701441817
0.83187001943588	-12.561732135337
0.83385998010635	-12.573177851257
0.83585000038147	-12.583040278066
0.83784002065659	-12.591312769189
0.83982998132706	-12.597997720696
0.84182000160217	-12.603097597247
0.84381002187729	-12.606612571986
0.84579998254776	-12.608545162962
0.84779000282288	-12.608902436609
0.84978002309799	-12.607690365457
0.85176998376846	-12.604914272211
0.85376000404358	-12.600583546057
0.85575002431870	-12.594705894850
0.85773998498917	-12.587292837848
0.85973000526428	-12.578353682205
0.86172002553940	-12.567897986742
0.86370998620987	-12.555940586059
0.86570000648499	-12.542492181030
0.86769002676010	-12.527566308420
0.86967998743057	-12.511176721352
0.87167000770569	-12.493337223158
0.87366002798080	-12.474064831638
0.87564998865128	-12.453373326479
0.87764000892639	-12.431279516777
0.87963002920151	-12.407802267552
0.88161998987198	-12.382958096003
0.88361001014709	-12.356765301721
0.88559997081757	-12.329244305446
0.88758999109268	-12.300415025714
0.88958001136780	-12.270298083696
0.89156997203827	-12.238916391661
0.89355999231339	-12.206291977335
0.89555001258850	-12.172449256979
0.89753997325897	-12.137414066661
0.89952999353409	-12.101210075943
0.90152001380920	-12.063865684349
0.90350997447968	-12.025408365194
0.90549999475479	-11.985868578307
0.90749001502991	-11.945274132618
0.90947997570038	-11.903658591769
0.91146999597549	-11.861050964642
0.91346001625061	-11.817487516686
0.91544997692108	-11.773001596366
0.91743999719620	-11.727626714484
0.91943001747131	-11.681402043112
0.92141997814178	-11.634361878649
0.92340999841690	-11.586544863267
0.92540001869202	-11.537991427980
0.92738997936249	-11.488738037539
0.92937999963760	-11.438827408193
0.93137001991272	-11.388297437465
0.93335998058319	-11.337189558041
0.93535000085831	-11.285547127170
0.93734002113342	-11.233409765885
0.93932998180389	-11.180820267331
0.94132000207901	-11.127822370962
0.94331002235413	-11.074455561759
0.94529998302460	-11.020763160274
0.94729000329971	-10.966787051112
0.94928002357483	-10.912568483685
0.95126998424530	-10.858150749661
0.95326000452042	-10.803574257029
0.95525002479553	-10.748878992618
0.95723998546600	-10.694103760015
0.95923000574112	-10.639291301312
0.96122002601624	-10.584477684772
0.96320998668671	-10.529704211647
0.96520000696182	-10.475004980220
0.96719002723694	-10.420418012788
0.96917998790741	-10.365978012248
0.97117000818253	-10.311719250430
0.97316002845764	-10.257675648489
0.97514998912811	-10.203879896878
0.97714000940323	-10.150363139548
0.97913002967834	-10.097154176324
0.98111999034882	-10.044283671346
0.98311001062393	-9.9917788220259
0.98509997129440	-9.9396658987730
0.98708999156952	-9.8879691036825
0.98908001184464	-9.8367140294096
0.99106997251511	-9.7859221276986
0.99305999279022	-9.7356155524424
0.99505001306534	-9.6858148104109
0.99703997373581	-9.6365387746819
0.99902999401093	-9.5878036443815
1.0010199546814	-9.5396288195123
1.0030100345612	-9.4920262250108
1.0049999952316	-9.4450107537556
1.0069899559021	-9.3985975332767
1.0089800357819	-9.3527950889351
1.0109699964523	-9.3076161145001
1.0129599571228	-9.2630678608643
1.0149500370026	-9.2191597494498
1.0169399976730	-9.1758983230951
1.0189299583435	-9.1332899254258
1.0209200382233	-9.0913389885442
1.0229099988937	-9.0500510539464
1.0248999595642	-9.0094279612039
1.0268900394440	-8.9694722836867
1.0288800001144	-8.9301826892458
1.0308699607849	-8.8915644037301
1.0328600406647	-8.8536125085161
1.0348500013351	-8.8163286801656
1.0368399620056	-8.7797091734544
1.0388300418854	-8.7437510490642
1.0408200025558	-8.7084520463043
1.0428099632263	-8.6738073415493
1.0448000431061	-8.6398125664856
1.0467900037766	-8.6064628976913
1.0487799644470	-8.5737511463481
1.0507700443268	-8.5416732036229
1.0527600049973	-8.5102209703960
1.0547499656677	-8.4793880304865
1.0567400455475	-8.4491674134087
1.0587300062180	-8.4195501116571
1.0607199668884	-8.3905279919622
1.0627100467682	-8.3620933208780
1.0647000074387	-8.3342386856641
1.0666899681091	-8.3069533581898
1.0686800479889	-8.2802298035289
1.0706700086594	-8.2540580640871
1.0726599693298	-8.2284305353302
1.0746500492096	-8.2033370293410
1.0766400098801	-8.1787682686862
1.0786299705505	-8.1547167355973
1.0806200504303	-8.1311716786715
1.0826100111008	-8.1081239499484
1.0845999717712	-8.0855669395798
1.0865900516510	-8.0634897732167
1.0885800123215	-8.0418829846436
1.0905699729919	-8.0207419670949
1.0925600528717	-8.0000549509263
1.0945500135422	-7.9798149097804
1.0965399742126	-7.9600154684943
1.0985300540924	-7.9406467274236
1.1005200147629	-7.9217028705785
1.1025099754333	-7.9031764945469
1.1045000553131	-7.8850615759427
1.1064900159836	-7.8673503459930
1.1084799766541	-7.8500392420453
1.1104700565338	-7.8331201888787
1.1124600172043	-7.8165882722833
1.1144499778748	-7.8004388464493
1.1164400577545	-7.7846673243509
1.1184300184250	-7.7692684725389
1.1204199790955	-7.7542393295279
1.1224100589752	-7.7395750624458
1.1244000196457	-7.7252738935164
1.1263899803162	-7.7113313713235
1.1283799409866	-7.6977435280133
1.1303700208664	-7.6845115242803
1.1323599815369	-7.6716305086349
1.1343499422073	-7.6591005293468
1.1363400220871	-7.6469179613873
1.1383299827576	-7.6350845630144
1.1403199434280	-7.6235957912528
1.1423100233078	-7.6124525359515
1.1442999839783	-7.6016561328127
1.1462899446487	-7.5912049297237
1.1482800245285	-7.5810975118208
1.1502699851990	-7.5713375103897
1.1522599458694	-7.5619220909130
1.1542500257492	-7.5528531197082
1.1562399864197	-7.5441308863851
1.1582299470901	-7.5357575359525
1.1602200269699	-7.5277319629161
1.1622099876404	-7.5200557440892
1.1641999483109	-7.5127313068157
1.1661900281906	-7.5057588584575
1.1681799888611	-7.4991400981118
1.1701699495316	-7.4928736376662
1.1721600294113	-7.4869643053706
1.1741499900818	-7.4814121647969
1.1761399507523	-7.4762168501711
1.1781300306320	-7.4713814121530
1.1801199913025	-7.4669063600806
1.1821099519730	-7.4627923185728
1.1841000318527	-7.4590405099649
1.1860899925232	-7.4556511737836
1.1880799531937	-7.4526242280074
1.1900700330734	-7.4499619563056
1.1920599937439	-7.4476643133598
1.1940499544144	-7.4457316030673
1.1960400342941	-7.4441617994702
1.1980299949646	-7.4429584865494
1.2000199556351	-7.4421173136204
1.2020100355148	-7.4416413615226
1.2039999961853	-7.4415272482914
1.2059899568558	-7.4417759447950
1.2079800367355	-7.4423852708592
1.2099699974060	-7.4433525403210
1.2119599580765	-7.4446802702415
1.2139500379562	-7.4463620047425
1.2159399986267	-7.4483983843712
1.2179299592972	-7.4507864273687
1.2199200391769	-7.4535236778692
1.2219099998474	-7.4566074948593
1.2238999605179	-7.4600359797694
1.2258900403976	-7.4638045211438
1.2278800010681	-7.4679088328998
1.2298699617386	-7.4723488157559
1.2318600416183	-7.4771172758242
1.2338500022888	-7.4822109486067
1.2358399629593	-7.4876266997601
1.2378300428391	-7.4933592728067
1.2398200035095	-7.4994042338160
1.2418099641800	-7.5057569196787
1.2438000440598	-7.5124133047688
1.2457900047302	-7.5193662456407
1.2477799654007	-7.5266117578518
1.2497700452805	-7.5341448780103
1.2517600059509	-7.5419584539997
1.2537499666214	-7.5500490911676
1.2557400465012	-7.5584093159423
1.2577300071716	-7.5670315068497
1.2597199678421	-7.5759143345333
1.2617100477219	-7.5850485354284
1.2637000083923	-7.5944280806305
1.2656899690628	-7.6040494352093
1.2676800489426	-7.6139026214659
1.2696700096130	-7.6239847345156
1.2716599702835	-7.6342863156034
1.2736500501633	-7.6448033632724
1.2756400108337	-7.6555288850342
1.2776299715042	-7.6664571615231
1.2796200513840	-7.6775827683066
1.2816100120544	-7.6888965372500
1.2835999727249	-7.7003929521955
1.2855900526047	-7.7120673309601
1.2875800132751	-7.7239143035735
1.2895699739456	-7.7359267349654
1.2915600538254	-7.7480973307386
1.2935500144958	-7.7604215531456
1.2955399751663	-7.7728929254308
1.2975300550461	-7.7855073111643
1.2995200157166	-7.7982580315365
1.3015099763870	-7.8111376402228
1.3035000562668	-7.8241430509690
1.3054900169373	-7.8372678046605
1.3074799776077	-7.8505087949214
1.3094700574875	-7.8638573153142
1.3114600181580	-7.8773109090400
1.3134499788284	-7.8908618705569
1.3154400587082	-7.9045091756896
1.3174300193787	-7.9182456471863
1.3194199800491	-7.9320663326732
1.3214099407196	-7.9459679381831
1.3234000205994	-7.9599462007456
1.3253899812698	-7.9739944637692
1.3273799419403	-7.9881099305423
1.3293700218201	-8.0022866797777
1.3313599824905	-8.0165243323210
1.3333499431610	-8.0308146557007
1.3353400230408	-8.0451545942877
1.3373299837112	-8.0595417536558
1.3393199443817	-8.0739691082104
1.3413100242615	-8.0884346795641
1.3432999849319	-8.1029353272495
1.3452899456024	-8.1174638257042
1.3472800254822	-8.1320183352820
1.3492699861526	-8.1465958820118
1.3512599468231	-8.1611882999383
1.3532500267029	-8.1757955419074
1.3552399873734	-8.1904106539000
1.3572299480438	-8.2050336393015
1.3592200279236	-8.2196545408586
1.3612099885941	-8.2342736913280
1.3631999492645	-8.2488829778219
1.3651900291443	-8.2634795143957
1.3671799898148	-8.2780591259788
1.3691699504852	-8.2926182766230
1.3711600303650	-8.3071488513217
1.3731499910355	-8.3216495930641
1.3751399517059	-8.3361118848942
1.3771300315857	-8.3505317688458
1.3791199922562	-8.3649054695756
1.3811099529266	-8.3792269396928
1.3831000328064	-8.3934878570276
1.3850899934769	-8.4076864956200
1.3870799541473	-8.4218157722347
1.3890700340271	-8.4358680704756
1.3910599946976	-8.4498380439740
1.3930499553680	-8.4637209467956
1.3950400352478	-8.4775091307065
1.3970299959183	-8.4911941873378
1.3990199565887	-8.5047726211705
1.4010100364685	-8.5182367369781
1.4029999971390	-8.5315804228646
1.4049899578094	-8.5447935922885
1.4069800376892	-8.5578715646693
1.4089699983597	-8.5708078345699
1.4109599590302	-8.5835931186884
1.4129500389099	-8.5962225036091
1.4149399995804	-8.6086846131030
1.4169299602509	-8.6209749176169
1.4189200401306	-8.6330865669190
1.4209100008011	-8.6450090591260
1.4228999614716	-8.6567373680348
1.4248900413513	-8.6682620465109
1.4268800020218	-8.6795775785893
1.4288699626923	-8.6906745838978
1.4308600425720	-8.7015462617553
1.4328500032425	-8.7121836848918
1.4348399639130	-8.7225816290186
1.4368300437927	-8.7327309113271
1.4388200044632	-8.7426261120342
1.4408099651337	-8.7522572123402
1.4428000450134	-8.7616200136231
1.4447900056839	-8.7707034142208
1.4467799663544	-8.7795068223493
1.4487700462341	-8.7880170412060
1.4507600069046	-8.7962312018680
1.4527499675751	-8.8041421749721
1.4547400474548	-8.8117435796190
1.4567300081253	-8.8190297577694
1.4587199687958	-8.8259944523057
1.4607100486755	-8.8326319508642
1.4627000093460	-8.8389375929252
1.4646899700165	-8.8449031629600
1.4666800498962	-8.8505274772808
1.4686700105667	-8.8558052507250
1.4706599712372	-8.8607304709287
1.4726500511169	-8.8653012872161
1.4746400117874	-8.8695109482336
1.4766299724579	-8.8733554603675
1.4786200523376	-8.8768354422585
1.4806100130081	-8.8799433069965
1.4825999736786	-8.8826798201612
1.4845900535583	-8.8850401570396
1.4865800142288	-8.8870228445126
1.4885699748993	-8.8886242618784
1.4905600547791	-8.8898434144649
1.4925500154495	-8.8906801861013
1.4945399761200	-8.8911319289783
1.4965300559998	-8.8911981328382
1.4985200166702	-8.8908783464746
1.5005099773407	-8.8901701568516
1.5025000572205	-8.8890746784777
1.5044900178909	-8.8875933305348
1.5064799785614	-8.8857251347024
1.5084700584412	-8.8834690854989
1.5104600191116	-8.8808276291332
1.5124499797821	-8.8777992969463
1.5144399404526	-8.8743884855198
1.5164300203323	-8.8705962947565
1.5184199810028	-8.8664220973512
1.5204099416733	-8.8618685502251
1.5224000215530	-8.8569377731604
1.5243899822235	-8.8516331614119
1.5263799428940	-8.8459553963927
1.5283700227737	-8.8399094189652
1.5303599834442	-8.8334946426584
1.5323499441147	-8.8267147350288
1.5343400239944	-8.8195752419476
1.5363299846649	-8.8120775385066
1.5383199453354	-8.8042253053670
1.5403100252151	-8.7960244152307
1.5422999858856	-8.7874734553985
1.5442899465561	-8.7785827685866
1.5462800264359	-8.7693516456652
1.5482699871063	-8.7597859046640
1.5502599477768	-8.7498925292941
1.5522500276566	-8.7396728017245
1.5542399883270	-8.7291299503430
1.5562299489975	-8.7182756480495
1.5582200288773	-8.7071072349401
1.5602099895477	-8.6956352665220
1.5621999502182	-8.6838637363062
1.5641900300980	-8.6717975145892
1.5661799907684	-8.6594426414576
1.5681699514389	-8.6468039293914
1.5701600313187	-8.6338872021585
1.5721499919891	-8.6207027725039
1.5741399526596	-8.6072517498478
1.5761300325394	-8.5935431577178
1.5781199932098	-8.5795803255533
1.5801099538803	-8.5653739261640
1.5821000337601	-8.5509304275703
1.5840899944305	-8.5362532157357
1.5860799551010	-8.5213524897746
1.5880700349808	-8.5062341787743
1.5900599956512	-8.4909040150615
1.5920499563217	-8.4753712392416
1.5940400362015	-8.4596442190581
1.5960299968719	-8.4437274308596
1.5980199575424	-8.4276292512895
1.6000100374222	-8.4113600480515
1.6019999980927	-8.3949255849120
1.6039899587631	-8.3783324512091
1.6059800386429	-8.3615880313190
1.6079699993134	-8.3447043651293
1.6099599599838	-8.3276849633332
1.6119500398636	-8.3105406868431
1.6139400005341	-8.2932778718163
1.6159299612045	-8.2759042242802
1.6179200410843	-8.2584282668948
1.6199100017548	-8.2408586881549
1.6218999624252	-8.2232031280463
1.6238900423050	-8.2054681885052
1.6258800029755	-8.1876626299702
1.6278699636459	-8.1697944983986
1.6298600435257	-8.1518710577259
1.6318500041962	-8.1338983887727
1.6338399648666	-8.1158854785539
1.6358300447464	-8.0978411968595
1.6378200054169	-8.0797697023556
1.6398099660873	-8.0616798810965
1.6418000459671	-8.0435779422109
1.6437900066376	-8.0254723759108
1.6457799673080	-8.0073670703374
1.6477700471878	-7.9892714802433
1.6497600078583	-7.9711903534042
1.6517499685287	-7.9531291948392
1.6537400484085	-7.9350961079451
1.6557300090790	-7.9170937969201
1.6577199697495	-7.8991312184439
1.6597100496292	-7.8812115100604
1.6617000102997	-7.8633381870013
1.6636899709702	-7.8455202135389
1.6656800508499	-7.8277594773962
1.6676700115204	-7.8100603135885
1.6696599721909	-7.7924276509648
1.6716500520706	-7.7748671567705
1.6736400127411	-7.7573787655294
1.6756299734116	-7.7399676869022
1.6776200532913	-7.7226389113805
1.6796100139618	-7.7053916272137
1.6815999746323	-7.6882323421755
1.6835900545120	-7.6711609203368
1.6855800151825	-7.6541811753207
1.6875699758530	-7.6372931758439
1.6895600557327	-7.6205022476346
1.6915500164032	-7.6038061410469
1.6935399770737	-7.5872081788082
1.6955300569534	-7.5707086485505
1.6975200176239	-7.5543103235914
1.6995099782944	-7.5380130061994
1.7015000581741	-7.5218175872306
1.7034900188446	-7.5057232228077
1.7054799795151	-7.4897324087569
1.7074700593948	-7.4738452655340
1.7094600200653	-7.4580599749221
1.7114499807358	-7.4423777224114
1.7134399414062	-7.4267981276136
1.7154300212860	-7.4113202207939
1.7174199819565	-7.3959460803604
1.7194099426270	-7.3806741243774
1.7214000225067	-7.3655025975629
1.7233899831772	-7.3504333276368
1.7253799438477	-7.3354659652555
1.7273700237274	-7.3205973438727
1.7293599843979	-7.3058298603561
1.7313499450684	-7.2911616614811
1.7333400249481	-7.2765919110836
1.7353299856186	-7.2621236740340
1.7373199462891	-7.2477524155812
1.7393100261688	-7.2334807239611
1.7412999868393	-7.2193055487227
1.7432899475098	-7.2052315549749
1.7452800273895	-7.1912550226726
1.7472699880600	-7.1773759481340
1.7492599487305	-7.1635980997861
1.7512500286102	-7.1499173252161
1.7532399892807	-7.1363394619595
1.7552299499512	-7.1228597832318
1.7572200298309	-7.1094820183056
1.7592099905014	-7.0962091153374
1.7611999511719	-7.0830366019192
1.7631900310516	-7.0699699625617
1.7651799917221	-7.0570099099009
1.7671699523926	-7.0441572196679
1.7691600322723	-7.0314137695090
1.7711499929428	-7.0187815197715
1.7731399536133	-7.0062615012735
1.7751300334930	-6.9938586103452
1.7771199941635	-6.9815714439789
1.7791099548340	-6.9694020855736
1.7811000347137	-6.9573578479595
1.7830899953842	-6.9454350250653
1.7850799560547	-6.9336388412428
1.7870700359344	-6.9219746740016
1.7890599966049	-6.9104395663670
1.7910499572754	-6.8990424283110
1.7930400371552	-6.8877794774076
1.7950299978256	-6.8766585730340
1.7970199584961	-6.8656807387825
1.7990100383759	-6.8548494965095
1.8009999990463	-6.8441675616319
1.8029899597168	-6.8336350566502
1.8049800395966	-6.8232593715189
1.8069700002670	-6.8130391208907
1.8089599609375	-6.8029791421098
1.8109500408173	-6.7930794180736
1.8129400014877	-6.7833458995289
1.8149299621582	-6.7737799596168
1.8169200420380	-6.7643809005622
1.8189100027084	-6.7551538049471
1.8208999633789	-6.7460994495958
1.8228900432587	-6.7372209038073
1.8248800039291	-6.7285159320380
1.8268699645996	-6.7199897004484
1.8288600444794	-6.7116429988521
1.8308500051498	-6.7034755729742
1.8328399658203	-6.6954870908257
1.8348300457001	-6.6876797127944
1.8368200063705	-6.6800538601299
1.8388099670410	-6.6726072965058
1.8408000469208	-6.6653424487000
1.8427900075912	-6.6582595323994
1.8447799682617	-6.6513547798114
1.8467700481415	-6.6446285201915
1.8487600088120	-6.6380799748722
1.8507499694824	-6.6317083850819
1.8527400493622	-6.6255103994019
1.8547300100327	-6.6194849392736
1.8567199707031	-6.6136291304745
1.8587100505829	-6.6079425914684
1.8607000112534	-6.6024201622596
1.8626899719238	-6.5970607414899
1.8646800518036	-6.5918593886026
1.8666700124741	-6.5868170903493
1.8686599731445	-6.5819254329708
1.8706500530243	-6.5771851414074
1.8726400136948	-6.5725887525709
1.8746299743652	-6.5681362816502
1.8766200542450	-6.5638192049005
1.8786100149155	-6.5596391506129
1.8805999755859	-6.5555865271726
1.8825900554657	-6.5516588182195
1.8845800161362	-6.5478542324199
1.8865699768066	-6.5441644827593
1.8885600566864	-6.5405882293366
1.8905500173569	-6.5371202672175
1.8925399780273	-6.5337562623778
1.8945300579071	-6.5304910606447
1.8965200185776	-6.5273210738342
1.8985099792480	-6.5242419497396
1.9005000591278	-6.5212497227735
1.9024900197983	-6.5183396894437
1.9044799804688	-6.5155066989439
1.9064699411392	-6.5127512602963
1.9084600210190	-6.5100643257765
1.9104499816895	-6.5074466064731
1.9124399423599	-6.5048937708256
1.9144300222397	-6.5023991803353
1.9164199829102	-6.4999656435724
1.9184099435806	-6.4975857831260
1.9204000234604	-6.4952567061186
1.9223899841309	-6.4929790525319
1.9243799448013	-6.4907490185221
1.9263700246811	-6.4885650055504
1.9283599853516	-6.4864235314814
1.9303499460220	-6.4843265333143
1.9323400259018	-6.4822687395494
1.9343299865723	-6.4802510940688
1.9363199472427	-6.4782726552698
1.9383100271225	-6.4763315263702
1.9402999877930	-6.4744284255929
1.9422899484634	-6.4725618973796
1.9442800283432	-6.4707321271995
1.9462699890137	-6.4689396193096
1.9482599496841	-6.4671844397455
1.9502500295639	-6.4654663399890
1.9522399902344	-6.4637865483400
1.9542299509048	-6.4621444189076
1.9562200307846	-6.4605417799972
1.9582099914551	-6.4589791195159
1.9601999521255	-6.4574568759936
1.9621900320053	-6.4559769878234
1.9641799926758	-6.4545395200562
1.9661699533463	-6.4531459135063
1.9681600332260	-6.4517973994937
1.9701499938965	-6.4504951437965
1.9721399545670	-6.4492394452155
1.9741300344467	-6.4480323953035
1.9761199951172	-6.4468746316707
1.9781099557877	-6.4457666348362
1.9801000356674	-6.4447101826975
1.9820899963379	-6.4437063721220
1.9840799570084	-6.4427542752323
1.9860700368881	-6.4418572680938
1.9880599975586	-6.4410139744465
1.9900499582291	-6.4402254843868
1.9920400381088	-6.4394922697555
1.9940299987793	-6.4388151479682
1.9960199594498	-6.4381931703044
1.9980100393295	-6.4376280634135
2.0000000000000	-6.4371184249858
