#Parameters = {Conductivity=2500; L=38; Thickness=0.01; W=3; depth=15}
#"Frequency / GHz"	"S1,1 [Magnitude / dB]"
#-----------------------------------------
0.0099999997764826	0.18155797149614
0.015990000218153	0.18076102640984
0.021980000659823	0.17961040248564
0.027969999238849	0.17811940145146
0.033959999680519	0.17630844642595
0.039949998259544	0.17419898563749
0.045940000563860	0.17181144913659
0.051929999142885	0.16917234140675
0.057920001447201	0.16630204768803
0.063910000026226	0.16322599193027
0.069899998605251	0.15996345621006
0.075889997184277	0.15653874986048
0.081880003213882	0.15296799367113
0.087870001792908	0.14926826398778
0.093860000371933	0.14545657823742
0.099849998950958	0.14154378829542
0.10583999752998	0.13754374834291
0.11183000355959	0.13346618640169
0.11782000213861	0.12932180950531
0.12381000071764	0.12511618373561
0.12980000674725	0.12085994843241
0.13579000532627	0.11655759171578
0.14178000390530	0.11221460264912
0.14777000248432	0.10783747774227
0.15376000106335	0.10343271103903
0.15974999964237	0.099002700859597
0.16573999822140	0.094554964532510
0.17172999680042	0.090091907352029
0.17771999537945	0.085620048584055
0.18370999395847	0.081143870761388
0.18970000743866	0.076666852985396
0.19569000601768	0.072193523370590
0.20168000459671	0.067731516719191
0.20767000317574	0.063284392575641
0.21366000175476	0.058855735117397
0.21965000033379	0.054452253915294
0.22563999891281	0.050078637363033
0.23162999749184	0.045739606698648
0.23761999607086	0.041439928460328
0.24360999464989	0.037186460539698
0.24959999322891	0.032984055155704
0.25558999180794	0.028836564194663
0.26157999038696	0.024750981582214
0.26756998896599	0.020731245719800
0.27355998754501	0.016781339676667
0.27954998612404	0.012908378070199
0.28554001450539	0.0091174679888665
0.29153001308441	0.0054116748851936
0.29752001166344	0.0017966994594077
0.30351001024246	-0.0017222454074309
0.30950000882149	-0.0051419623717037
0.31549000740051	-0.0084571648476780
0.32148000597954	-0.011665106186387
0.32747000455856	-0.014760939298748
0.33346000313759	-0.017740301219367
0.33945000171661	-0.020600868351276
0.34544000029564	-0.023339776953669
0.35142999887466	-0.025952056270169
0.35741999745369	-0.028438406123356
0.36340999603271	-0.030792263547371
0.36939999461174	-0.033013241017752
0.37538999319077	-0.035100426691135
0.38137999176979	-0.037050822050563
0.38736999034882	-0.038863468587208
0.39335998892784	-0.040536374073527
0.39934998750687	-0.042070626366527
0.40533998608589	-0.043463690299890
0.41133001446724	-0.044716111663369
0.41732001304626	-0.045828452199340
0.42331001162529	-0.046799687781244
0.42930001020432	-0.047631398000647
0.43529000878334	-0.048325667365137
0.44128000736237	-0.048881477736760
0.44727000594139	-0.049300898219049
0.45326000452042	-0.049586030124708
0.45925000309944	-0.049738936507073
0.46524000167847	-0.049761708062581
0.47123000025749	-0.049657982926520
0.47721999883652	-0.049427264019264
0.48320999741554	-0.049075264390571
0.48919999599457	-0.048605738231343
0.49518999457359	-0.048020670530118
0.50117999315262	-0.047322973124461
0.50717002153397	-0.046518169117700
0.51315999031067	-0.045610436331727
0.51915001869202	-0.044602884005450
0.52513998746872	-0.043500225990216
0.53113001585007	-0.042307685591571
0.53711998462677	-0.041028450804666
0.54311001300812	-0.039668822781544
0.54909998178482	-0.038234061587235
0.55509001016617	-0.036726325911407
0.56107997894287	-0.035154010471693
0.56707000732422	-0.033520865940597
0.57305997610092	-0.031833218417983
0.57905000448227	-0.030094295957397
0.58503997325897	-0.028310981882278
0.59103000164032	-0.026487593349356
0.59701997041702	-0.024631526444342
0.60300999879837	-0.022746079787737
0.60900002717972	-0.020838171693550
0.61498999595642	-0.018912154386191
0.62098002433777	-0.016971884819297
0.62696999311447	-0.015025864517715
0.63296002149582	-0.013076948347402
0.63894999027252	-0.011131629449849
0.64494001865387	-0.0091943299332030
0.65092998743057	-0.0072694988011590
0.65692001581192	-0.0053626445110987
0.66290998458862	-0.0034782740990992
0.66890001296997	-0.0016203653652010
0.67488998174667	0.00020551937027982
0.68088001012802	0.0019963515088087
0.68686997890472	0.0037470461562005
0.69286000728607	0.0054540387566278
0.69884997606277	0.0071132101664473
0.70484000444412	0.0087209346426424
0.71082997322083	0.010272535980360
0.71682000160217	0.011768467981224
0.72280997037888	0.013201956705202
0.72879999876022	0.014571333803148
0.73479002714157	0.015874380420894
0.74077999591827	0.017108378723256
0.74677002429962	0.018269494824136
0.75275999307632	0.019357039706629
0.75875002145767	0.020370719899691
0.76473999023438	0.021305668020663
0.77073001861572	0.022162608217458
0.77671998739243	0.022940184497257
0.78271001577377	0.023634450196968
0.78869998455048	0.024248146490759
0.79469001293182	0.024780381596421
0.80067998170853	0.025229688843358
0.80667001008987	0.025595131960030
0.81265997886658	0.025877850039319
0.81865000724792	0.026077902875291
0.82463997602463	0.026196316690130
0.83063000440598	0.026232679433754
0.83661997318268	0.026187478191068
0.84261000156403	0.026063821044533
0.84859997034073	0.025860686087448
0.85458999872208	0.025580152196678
0.86058002710342	0.025225282488717
0.86656999588013	0.024794537695788
0.87256002426147	0.024292511156119
0.87854999303818	0.023719799743440
0.88454002141953	0.023079939311621
0.89052999019623	0.022375046038303
0.89652001857758	0.021606124569136
0.90250998735428	0.020776340957896
0.90850001573563	0.019889832042751
0.91448998451233	0.018947676813754
0.92048001289368	0.017954615456181
0.92646998167038	0.016911765128062
0.93246001005173	0.015822295939539
0.93844997882843	0.014691061577869
0.94444000720978	0.013520727558192
0.95042997598648	0.012313032703699
0.95642000436783	0.011072877090225
0.96240997314453	0.0098036069206994
0.96840000152588	0.0085074619485484
0.97438997030258	0.0071910766245099
0.98037999868393	0.0058540944858616
0.98637002706528	0.0045017062069876
0.99235999584198	0.0031378093233816
0.99835002422333	0.0017649864592175
1.0043400526047	0.00038673746137848
1.0103299617767	-0.00099223909531864
1.0163199901581	-0.0023698551446510
1.0223100185394	-0.0037424417976260
1.0283000469208	-0.0051063012857757
1.0342899560928	-0.0064586139378914
1.0402799844742	-0.0077977741910786
1.0462700128555	-0.0091178158626642
1.0522600412369	-0.010416934262095
1.0582499504089	-0.011692781779081
1.0642399787903	-0.012941934096910
1.0702300071716	-0.014162533065346
1.0762200355530	-0.015350945021464
1.0822099447250	-0.016505312067458
1.0881999731064	-0.017623066626765
1.0941900014877	-0.018702719726227
1.1001800298691	-0.019741654551798
1.1061700582504	-0.020737265205470
1.1121599674225	-0.021688996542458
1.1181499958038	-0.022594653394648
1.1241400241852	-0.023452585409619
1.1301300525665	-0.024262173026407
1.1361199617386	-0.025021689690878
1.1421099901199	-0.025730514110414
1.1481000185013	-0.026387860988816
1.1540900468826	-0.026992496278164
1.1600799560547	-0.027543172227561
1.1660699844360	-0.028041301510341
1.1720600128174	-0.028485938026275
1.1780500411987	-0.028877525212475
1.1840399503708	-0.029214682231363
1.1900299787521	-0.029499731513926
1.1960200071335	-0.029730858482925
1.2020100355148	-0.029910891962355
1.2079999446869	-0.030039033069612
1.2139899730682	-0.030116609866881
1.2199800014496	-0.030144856127792
1.2259700298309	-0.030124536489823
1.2319600582123	-0.030057952730252
1.2379499673843	-0.029944907300836
1.2439399957657	-0.029787701786089
1.2499300241470	-0.029589213265368
1.2559200525284	-0.029349711889235
1.2619099617004	-0.029071116616401
1.2678999900818	-0.028756771197020
1.2738900184631	-0.028406539941412
1.2798800468445	-0.028025401638928
1.2858699560165	-0.027613224975575
1.2918599843979	-0.027173528797169
1.2978500127792	-0.026709790669355
1.3038400411606	-0.026221990360873
1.3098299503326	-0.025715042369734
1.3158199787140	-0.025189168671860
1.3218100070953	-0.024648813995544
1.3278000354767	-0.024096653129130
1.3337899446487	-0.023534848233830
1.3397799730301	-0.022965849373717
1.3457700014114	-0.022393587084027
1.3517600297928	-0.021819635901436
1.3577500581741	-0.021246724036624
1.3637399673462	-0.020678139151523
1.3697299957275	-0.020116186033854
1.3757200241089	-0.019565119169334
1.3817100524902	-0.019024902037781
1.3876999616623	-0.018500757834646
1.3936899900436	-0.017993780566225
1.3996800184250	-0.017506701355237
1.4056700468063	-0.017041590935278
1.4116599559784	-0.016602373640044
1.4176499843597	-0.016190684642204
1.4236400127411	-0.015808407894693
1.4296300411224	-0.015457785877611
1.4356199502945	-0.015141711453965
1.4416099786758	-0.014861900964644
1.4476000070572	-0.014620078924947
1.4535900354385	-0.014418345877787
1.4595799446106	-0.014258239066460
1.4655699729919	-0.014141271567679
1.4715600013733	-0.014070499159814
1.4775500297546	-0.014046182694035
1.4835400581360	-0.014069457657601
1.4895299673080	-0.014141880789754
1.4955199956894	-0.014264040003957
1.5015100240707	-0.014437808052583
1.5075000524521	-0.014665139405022
1.5134899616241	-0.014944725339906
1.5194799900055	-0.015278047270925
1.5254700183868	-0.015666315565122
1.5314600467682	-0.016108400356783
1.5374499559402	-0.016606248907051
1.5434399843216	-0.017158334980982
1.5494300127029	-0.017766343357422
1.5554200410843	-0.018429697354344
1.5614099502563	-0.019147761822548
1.5673999786377	-0.019921481302950
1.5733900070190	-0.020748607483062
1.5793800354004	-0.021630532961738
1.5853699445724	-0.022565606045228
1.5913599729538	-0.023553181940000
1.5973500013351	-0.024592475735641
1.6033400297165	-0.025682788495072
1.6093300580978	-0.026823090725418
1.6153199672699	-0.028011824900776
1.6213099956512	-0.029249051928063
1.6273000240326	-0.030531170369762
1.6332900524139	-0.031859591416747
1.6392799615860	-0.033230964677993
1.6452699899673	-0.034644104144594
1.6512600183487	-0.036098464279681
1.6572500467300	-0.037590476502958
1.6632399559021	-0.039120116917342
1.6692299842834	-0.040685305316080
1.6752200126648	-0.042284209512750
1.6812100410461	-0.043914428404877
1.6871999502182	-0.045575122483601
1.6931899785995	-0.047264138938646
1.6991800069809	-0.048978581470191
1.7051700353622	-0.050717605231336
1.7111599445343	-0.052477573303976
1.7171499729156	-0.054259776125246
1.7231400012970	-0.056058994137441
1.7291300296783	-0.057875521565842
1.7351200580597	-0.059705860908230
1.7411099672318	-0.061548881281852
1.7470999956131	-0.063402545352511
1.7530900239944	-0.065265790981511
1.7590800523758	-0.067135406531397
1.7650699615479	-0.069010134516375
1.7710599899292	-0.070888392194286
1.7770500183105	-0.072769122242774
1.7830400466919	-0.074649736951795
1.7890299558640	-0.076528660330594
1.7950199842453	-0.078404661464785
1.8010100126266	-0.080276930020189
1.8070000410080	-0.082142643653413
1.8129899501801	-0.084002883002703
1.8189799785614	-0.085854336530331
1.8249700069427	-0.087696093485469
1.8309600353241	-0.089528320168126
1.8369499444962	-0.091348717333051
1.8429399728775	-0.093157878290512
1.8489300012589	-0.094954252908879
1.8549200296402	-0.096737420744790
1.8609100580215	-0.098506667551919
1.8668999671936	-0.10026153295840
1.8728899955750	-0.10200281135344
1.8788800239563	-0.10372931955053
1.8848700523376	-0.10544102212705
1.8908599615097	-0.10713883432141
1.8968499898911	-0.10882150483515
1.9028400182724	-0.11049009183159
1.9088300466537	-0.11214485680571
1.9148199558258	-0.11378681018971
1.9208099842072	-0.11541635050498
1.9268000125885	-0.11703501898450
1.9327900409698	-0.11864211408835
1.9387799501419	-0.12023930745342
1.9447699785233	-0.12182740213298
1.9507600069046	-0.12340832063853
1.9567500352859	-0.12498233625828
1.9627399444580	-0.12655217970900
1.9687299728394	-0.12811828279938
1.9747200012207	-0.12968342459687
1.9807100296021	-0.13124740384538
1.9867000579834	-0.13281422317048
1.9926899671555	-0.13438491628556
1.9986799955368	-0.13596071124096
2.0046699047089	-0.13754440968289
2.0106599330902	-0.13913761413461
2.0166499614716	-0.14074340415629
2.0226399898529	-0.14236344614433
2.0286300182343	-0.14400033868724
2.0346200466156	-0.14565577181466
2.0406100749969	-0.14733373194708
2.0466001033783	-0.14903586809810
2.0525898933411	-0.15076423710148
2.0585799217224	-0.15252190417854
2.0645699501038	-0.15431168506314
2.0705599784851	-0.15613655498138
2.0765500068665	-0.15799808853205
2.0825400352478	-0.15990043808513
2.0885300636292	-0.16184590244842
2.0945200920105	-0.16383621742865
2.1005098819733	-0.16587479109200
2.1064999103546	-0.16796459964404
2.1124899387360	-0.17010858254452
2.1184799671173	-0.17230959451677
2.1244699954987	-0.17456921060034
2.1304600238800	-0.17689050719653
2.1364500522614	-0.17927734903637
2.1424400806427	-0.18173159315077
2.1484301090240	-0.18425512459566
2.1544198989868	-0.18685173790323
2.1604099273682	-0.18952336026922
2.1663999557495	-0.19227367861143
2.1723899841309	-0.19510294056723
2.1783800125122	-0.19801608487909
2.1843700408936	-0.20101337191646
2.1903600692749	-0.20409777572762
2.1963500976562	-0.20727168107651
2.2023398876190	-0.21053747525281
2.2083299160004	-0.21389641232042
2.2143199443817	-0.21735096980631
2.2203099727631	-0.22090380364000
2.2263000011444	-0.22455678330460
2.2322900295258	-0.22831133682105
2.2382800579071	-0.23216915080050
2.2442700862885	-0.23613127189772
2.2502601146698	-0.24020079164965
2.2562499046326	-0.24437692359144
2.2622399330139	-0.24866416787236
2.2682299613953	-0.25306163391126
2.2742199897766	-0.25757156689002
2.2802100181580	-0.26219537274182
2.2862000465393	-0.26693155889368
2.2921900749207	-0.27178522763788
2.2981801033020	-0.27675562601144
2.3041698932648	-0.28184280147992
2.3101599216461	-0.28704927104008
2.3161499500275	-0.29237426280153
2.3221399784088	-0.29781831906512
2.3281300067902	-0.30338328629692
2.3341200351715	-0.30906996441383
2.3401100635529	-0.31487691719753
2.3461000919342	-0.32080594768439
2.3520898818970	-0.32685793620922
2.3580799102783	-0.33303381975658
2.3640699386597	-0.33933091268849
2.3700599670410	-0.34575223337127
2.3760499954224	-0.35229765507209
2.3820400238037	-0.35896540778734
2.3880300521851	-0.36575833819789
2.3940200805664	-0.37267542584610
2.4000101089478	-0.37971502749476
2.4059998989105	-0.38688071814689
2.4119899272919	-0.39417099850031
2.4179799556732	-0.40158494113651
2.4239699840546	-0.40912267466137
2.4299600124359	-0.41678754181383
2.4359500408173	-0.42457604110201
2.4419400691986	-0.43248946288001
2.4479300975800	-0.44052836531389
2.4539198875427	-0.44869443801295
2.4599099159241	-0.45698346806595
2.4658999443054	-0.46540126885503
2.4718899726868	-0.47394499821702
2.4778800010681	-0.48261483370186
2.4838700294495	-0.49141235651891
2.4898600578308	-0.50033779712645
2.4958500862122	-0.50939331714826
2.5018401145935	-0.51857708870296
2.5078299045563	-0.52789195952083
2.5138199329376	-0.53733686238993
2.5198099613190	-0.54691459077930
2.5257999897003	-0.55662606365337
2.5317900180817	-0.56647293165762
2.5377800464630	-0.57645448858438
2.5437700748444	-0.58657434232684
2.5497601032257	-0.59683325917770
2.5557498931885	-0.60723317329607
2.5617399215698	-0.61777639121069
2.5677299499512	-0.62846417085393
2.5737199783325	-0.63930096564794
2.5797100067139	-0.65028652436407
2.5857000350952	-0.66142481694635
2.5916900634766	-0.67271827546707
2.5976800918579	-0.68416981619820
2.6036698818207	-0.69578371858926
2.6096599102020	-0.70756208565892
2.6156499385834	-0.71950902170571
2.6216399669647	-0.73162711213285
2.6276299953461	-0.74392297417953
2.6336200237274	-0.75639750325720
2.6396100521088	-0.76905599259277
2.6456000804901	-0.78190525524900
2.6515901088715	-0.79494726285600
2.6575798988342	-0.80818747449659
2.6635699272156	-0.82163256859631
2.6695599555969	-0.83528630313277
2.6755499839783	-0.84915564351099
2.6815400123596	-0.86324628610506
2.6875300407410	-0.87756266560182
2.6935200691223	-0.89211281932736
2.6995100975037	-0.90690273533359
2.7054998874664	-0.92193999549309
2.7114899158478	-0.93722931400664
2.7174799442291	-0.95278184105868
2.7234699726105	-0.96860025113703
2.7294600009918	-0.98469531963652
2.7354500293732	-1.0010738000753
2.7414400577545	-1.0177436145384
2.7474300861359	-1.0347130547935
2.7534201145172	-1.0519918666725
2.7594099044800	-1.0695875843236
2.7653999328613	-1.0875095661370
2.7713899612427	-1.1057680417608
2.7773799896240	-1.1243699660354
2.7833700180054	-1.1433276816157
2.7893600463867	-1.1626481569682
2.7953500747681	-1.1823434057606
2.8013401031494	-1.2024237029427
2.8073298931122	-1.2228975543223
2.8133199214935	-1.2437785726475
2.8193099498749	-1.2650746771698
2.8252999782562	-1.2867983853876
2.8312900066376	-1.3089603053044
2.8372800350189	-1.3315732804628
2.8432700634003	-1.3546466976185
2.8492600917816	-1.3781934463061
2.8552498817444	-1.4022262027178
2.8612399101257	-1.4267553014478
2.8672299385071	-1.4517936842362
2.8732199668884	-1.4773554868732
2.8792099952698	-1.5034515102767
2.8852000236511	-1.5300941617276
2.8911900520325	-1.5572985630000
2.8971800804138	-1.5850765185460
2.9031701087952	-1.6134403778312
2.9091598987579	-1.6424061944764
2.9151499271393	-1.6719854535621
2.9211399555206	-1.7021928333834
2.9271299839020	-1.7330426948016
2.9331200122833	-1.7645476997046
2.9391100406647	-1.7967244463163
2.9451000690460	-1.8295842965564
2.9510900974274	-1.8631443039256
2.9570798873901	-1.8974189544484
2.9630699157715	-1.9324218980040
2.9690599441528	-1.9681697015552
2.9750499725342	-2.0046769564791
2.9810400009155	-2.0419580394218
2.9870300292969	-2.0800312900242
2.9930200576782	-2.1189091895383
2.9990100860596	-2.1586108032204
3.0050001144409	-2.1991494513060
3.0109899044037	-2.2405428431582
3.0169799327850	-2.2828067290328
3.0229699611664	-2.3259587525507
3.0289599895477	-2.3700157655846
3.0349500179291	-2.4149925827865
3.0409400463104	-2.4609097050750
3.0469300746918	-2.5077812358107
3.0529201030731	-2.5556276047816
3.0589098930359	-2.6044636182969
3.0648999214172	-2.6543110318016
3.0708899497986	-2.7051845746043
3.0768799781799	-2.7571041770622
3.0828700065613	-2.8100884003228
3.0888600349426	-2.8641576552290
3.0948500633240	-2.9193281514058
3.1008400917053	-2.9756212507987
3.1068298816681	-3.0330566143096
3.1128199100494	-3.0916545590100
3.1188099384308	-3.1514335024999
3.1247999668121	-3.2124165480209
3.1307899951935	-3.2746231607948
3.1367800235748	-3.3380741498977
3.1427700519562	-3.4027918140492
3.1487600803375	-3.4687980566594
3.1547501087189	-3.5361151850186
3.1607398986816	-3.6047651301642
3.1667299270630	-3.6747725438222
3.1727199554443	-3.7461580359240
3.1787099838257	-3.8189479280214
3.1847000122070	-3.8931658268887
3.1906900405884	-3.9688371797329
3.1966800689697	-4.0459854427943
3.2026700973511	-4.1246371932650
3.2086598873138	-4.2048184883819
3.2146499156952	-4.2865563203885
3.2206399440765	-4.3698781393015
3.2266299724579	-4.4548104924080
3.2326200008392	-4.5413823963936
3.2386100292206	-4.6296238273303
3.2446000576019	-4.7195632171911
3.2505900859833	-4.8112301476252
3.2565801143646	-4.9046569088630
3.2625699043274	-4.9998761701992
3.2685599327087	-5.0969170423828
3.2745499610901	-5.1958139307815
3.2805399894714	-5.2966005191918
3.2865300178528	-5.3993129180874
3.2925200462341	-5.5039838166444
3.2985100746155	-5.6106511045783
3.3045001029968	-5.7193512323997
3.3104898929596	-5.8301212384804
3.3164799213409	-5.9429999249462
3.3224699497223	-6.0580286892459
3.3284599781036	-6.1752452091888
3.3344500064850	-6.2946921473255
3.3404400348663	-6.4164111596770
3.3464300632477	-6.5404465462782
3.3524200916290	-6.6668403332397
3.3584098815918	-6.7956380461479
3.3643999099731	-6.9268849014967
3.3703899383545	-7.0606289515990
3.3763799667358	-7.1969162917283
3.3823699951172	-7.3357938335967
3.3883600234985	-7.4773123432249
3.3943500518799	-7.6215187308827
3.4003400802612	-7.7684637361900
3.4063301086426	-7.9181973451728
3.4123198986053	-8.0707698118887
3.4183099269867	-8.2262304510981
3.4242999553680	-8.3846286216638
3.4302899837494	-8.5460156453077
3.4362800121307	-8.7104366628966
3.4422700405121	-8.8779422235915
3.4482600688934	-9.0485740701752
3.4542500972748	-9.2223779161436
3.4602398872375	-9.3993926637253
3.4662299156189	-9.5796549258235
3.4722199440002	-9.7631966998605
3.4782099723816	-9.9500450721270
3.4842000007629	-10.140218091412
3.4901900291443	-10.333727294796
3.4961800575256	-10.530575790220
3.5021700859070	-10.730752410726
3.5081601142883	-10.934234479077
3.5141499042511	-11.140980525991
3.5201399326324	-11.350931970604
3.5261299610138	-11.564006071127
3.5321199893951	-11.780095225140
3.5381100177765	-11.999063406197
3.5441000461578	-12.220732668583
3.5500900745392	-12.444891817969
3.5560801029205	-12.671277148514
3.5620698928833	-12.899571545213
3.5680599212646	-13.129402988500
3.5740499496460	-13.360319211205
3.5800399780273	-13.591802751804
3.5860300064087	-13.823238566038
3.5920200347900	-14.053926066937
3.5980100631714	-14.283055614523
3.6040000915527	-14.509708545862
3.6099898815155	-14.732850167735
3.6159799098969	-14.951325415378
3.6219699382782	-15.163860478653
3.6279599666595	-15.369066613556
3.6339499950409	-15.565453353566
3.6399400234222	-15.751446098691
3.6459300518036	-15.925410480270
3.6519200801849	-16.085688470209
3.6579101085663	-16.230641814559
3.6638998985291	-16.358699176541
3.6698899269104	-16.468414362377
3.6758799552917	-16.558523734560
3.6818699836731	-16.627992703314
3.6878600120544	-16.676072425613
3.6938500404358	-16.702333287175
3.6998400688171	-16.706680799311
3.7058300971985	-16.689366445353
3.7118198871613	-16.650973979182
3.7178099155426	-16.592388839818
3.7237999439240	-16.514754940061
3.7297899723053	-16.419426191509
3.7357800006866	-16.307910561275
3.7417700290680	-16.181809866004
3.7477600574493	-16.042770232042
3.7537500858307	-15.892439006632
3.7597401142120	-15.732414655196
3.7657299041748	-15.564232328640
3.7717199325562	-15.389325676134
3.7777099609375	-15.209020946329
3.7836999893188	-15.024527882724
3.7896900177002	-14.836937047649
3.7956800460815	-14.647219315752
3.8016700744629	-14.456231998066
3.8076601028442	-14.264725721745
3.8136498928070	-14.073348448746
3.8196399211884	-13.882663946594
3.8256299495697	-13.693147087357
3.8316199779510	-13.505204159748
3.8376100063324	-13.319173539635
3.8436000347137	-13.135336872766
3.8495900630951	-12.953925867312
3.8555800914764	-12.775126439779
3.8615698814392	-12.599088061743
3.8675599098206	-12.425929037674
3.8735499382019	-12.255733773726
3.8795399665833	-12.088566478582
3.8855299949646	-11.924471166094
3.8915200233459	-11.763471044942
3.8975100517273	-11.605577296972
3.9035000801086	-11.450784213431
3.9094901084900	-11.299081189752
3.9154798984528	-11.150442760110
3.9214699268341	-11.004841051451
3.9274599552155	-10.862237823593
3.9334499835968	-10.722592088726
3.9394400119781	-10.585860545976
3.9454300403595	-10.451991319679
3.9514200687408	-10.320935391962
3.9574100971222	-10.192637929925
3.9633998870850	-10.067045407376
3.9693899154663	-9.9441009096005
3.9753799438477	-9.8237500462583
3.9813699722290	-9.7059323868864
3.9873600006104	-9.5905935494521
3.9933500289917	-9.4776755971622
3.9993400573730	-9.3671232264358
4.0053300857544	-9.2588792251565
4.0113201141357	-9.1528872456334
4.0173101425171	-9.0490946781722
4.0233001708984	-8.9474450290382
4.0292901992798	-8.8478861190069
4.0352802276611	-8.7503655621779
4.0412697792053	-8.6548313707114
4.0472598075867	-8.5612332198589
4.0532498359680	-8.4695222329446
4.0592398643494	-8.3796490937633
4.0652298927307	-8.2915661916568
4.0712199211121	-8.2052272564403
4.0772099494934	-8.1205865595859
4.0831999778748	-8.0375997252784
4.0891900062561	-7.9562232874272
4.0951800346375	-7.8764158648020
4.1011700630188	-7.7981336509370
4.1071600914001	-7.7213387364638
4.1131501197815	-7.6459906102897
4.1191401481628	-7.5720489886679
4.1251301765442	-7.4994795708018
4.1311202049255	-7.4282435023952
4.1371102333069	-7.3583070550848
4.1430997848511	-7.2896335051185
4.1490898132324	-7.2221881241352
4.1550798416138	-7.1559421070472
4.1610698699951	-7.0908585954880
4.1670598983765	-7.0269094240873
4.1730499267578	-6.9640645973619
4.1790399551392	-6.9022926162254
4.1850299835205	-6.8415651297226
4.1910200119019	-6.7818550623526
4.1970100402832	-6.7231348000015
4.2030000686646	-6.6653778011709
4.2089900970459	-6.6085608814494
4.2149801254272	-6.5526547424716
4.2209701538086	-6.4976396693881
4.2269601821899	-6.4434890318483
4.2329502105713	-6.3901836424173
4.2389397621155	-6.3376986263602
4.2449297904968	-6.2860136453145
4.2509198188782	-6.2351091467328
4.2569098472595	-6.1849651842450
4.2628998756409	-6.1355616115355
4.2688899040222	-6.0868796957411
4.2748799324036	-6.0389040240871
4.2808699607849	-5.9916154506781
4.2868599891663	-5.9449961171088
4.2928500175476	-5.8990328335835
4.2988400459290	-5.8537080383585
4.3048300743103	-5.8090082133941
4.3108201026917	-5.7649187972947
4.3168101310730	-5.7214276446440
4.3228001594543	-5.6785180780536
4.3287901878357	-5.6361791673257
4.3347802162170	-5.5943998234362
4.3407697677612	-5.5531671699544
4.3467597961426	-5.5124705605870
4.3527498245239	-5.4723008357692
4.3587398529053	-5.4326459530086
4.3647298812866	-5.3934950352482
4.3707199096680	-5.3548427559652
4.3767099380493	-5.3166780771755
4.3826999664307	-5.2789917332405
4.3886899948120	-5.2417774710114
4.3946800231934	-5.2050265069812
4.4006700515747	-5.1687333649713
4.4066600799561	-5.1328896624308
4.4126501083374	-5.0974873775177
4.4186401367188	-5.0625234837894
4.4246301651001	-5.0279920367982
4.4306201934814	-4.9938851091058
4.4366102218628	-4.9601974824164
4.4425997734070	-4.9269268820612
4.4485898017883	-4.8940677975486
4.4545798301697	-4.8616135009697
4.4605698585510	-4.8295627437717
4.4665598869324	-4.7979098406960
4.4725499153137	-4.7666513070245
4.4785399436951	-4.7357834968658
4.4845299720764	-4.7053036714721
4.4905200004578	-4.6752082264961
4.4965100288391	-4.6454928978242
4.5025000572205	-4.6161564459724
4.5084900856018	-4.5871956301220
4.5144801139832	-4.5586076637588
4.5204701423645	-4.5303898557915
4.5264601707458	-4.5025399017622
4.5324501991272	-4.4750552805885
4.5384402275085	-4.4479343712399
4.5444297790527	-4.4211730161871
4.5504198074341	-4.3947710877988
4.5564098358154	-4.3687250987980
4.5623998641968	-4.3430323206757
4.5683898925781	-4.3176935252669
4.5743799209595	-4.2927035605667
4.5803699493408	-4.2680614625696
4.5863599777222	-4.2437650834261
4.5923500061035	-4.2198114663407
4.5983400344849	-4.1961991161025
4.6043300628662	-4.1729264240674
4.6103200912476	-4.1499908604156
4.6163101196289	-4.1273881390805
4.6223001480103	-4.1051173844073
4.6282901763916	-4.0831770381797
4.6342802047729	-4.0615617341822
4.6402702331543	-4.0402721562069
4.6462597846985	-4.0193032684936
4.6522498130798	-3.9986530851438
4.6582398414612	-3.9783182560705
4.6642298698425	-3.9582969110472
4.6702198982239	-3.9385844052591
4.6762099266052	-3.9191778550356
4.6821999549866	-3.9000763430603
4.6881899833679	-3.8812725095652
4.6941800117493	-3.8627662358839
4.7001700401306	-3.8445503509893
4.7061600685120	-3.8266246918558
4.7121500968933	-3.8089829251136
4.7181401252747	-3.7916232587477
4.7241301536560	-3.7745382035833
4.7301201820374	-3.7577276810904
4.7361102104187	-3.7411850386925
4.7420997619629	-3.7249052495492
4.7480897903442	-3.7088847053655
4.7540798187256	-3.6931187370383
4.7600698471069	-3.6776036687048
4.7660598754883	-3.6623321209322
4.7720499038696	-3.6473018753905
4.7780399322510	-3.6325045295311
4.7840299606323	-3.6179384868733
4.7900199890137	-3.6035974698712
4.7960100173950	-3.5894733009213
4.8020000457764	-3.5755654035614
4.8079900741577	-3.5618647912597
4.8139801025391	-3.5483687303618
4.8199701309204	-3.5350692625830
4.8259601593018	-3.5219617508875
4.8319501876831	-3.5090404632765
4.8379402160645	-3.4962993107241
4.8439297676086	-3.4837335015476
4.8499197959900	-3.4713372182349
4.8559098243713	-3.4591052602645
4.8618998527527	-3.4470307322421
4.8678898811340	-3.4351073430179
4.8738799095154	-3.4233315880205
4.8798699378967	-3.4116954084413
4.8858599662781	-3.4001944714005
4.8918499946594	-3.3888239973253
4.8978400230408	-3.3775780503835
4.9038300514221	-3.3664495841693
4.9098200798035	-3.3554353448648
4.9158101081848	-3.3445285549833
4.9218001365662	-3.3337234105217
4.9277901649475	-3.3230170223892
4.9337801933289	-3.3124021266689
4.9397702217102	-3.3018749745560
4.9457597732544	-3.2914313221517
4.9517498016357	-3.2810642469066
4.9577398300171	-3.2707718431291
4.9637298583984	-3.2605473427957
4.9697198867798	-3.2503876533356
4.9757099151611	-3.2402898381764
4.9816999435425	-3.2302474319362
4.9876899719238	-3.2202584723097
4.9936800003052	-3.2103189552860
4.9996700286865	-3.2004253862010
5.0056600570679	-3.1905738917877
5.0116500854492	-3.1807624283428
5.0176401138306	-3.1709875816631
5.0236301422119	-3.1612484155409
5.0296201705933	-3.1515404637877
5.0356101989746	-3.1418612349640
5.0416002273560	-3.1322105390130
5.0475897789001	-3.1225859765047
5.0535798072815	-3.1129859728808
5.0595698356628	-3.1034087325060
5.0655598640442	-3.0938526060740
5.0715498924255	-3.0843195643254
5.0775399208069	-3.0748065332280
5.0835299491882	-3.0653121145960
5.0895199775696	-3.0558378294617
5.0955100059509	-3.0463848059040
5.1015000343323	-3.0369500643363
5.1074900627136	-3.0275368145905
5.1134800910950	-3.0181444784868
5.1194701194763	-3.0087725553860
5.1254601478577	-2.9994261802159
5.1314501762390	-2.9901016617302
5.1374402046204	-2.9808028897568
5.1434302330017	-2.9715327497837
5.1494197845459	-2.9622897477039
5.1554098129272	-2.9530788429776
5.1613998413086	-2.9438998696030
5.1673898696899	-2.9347566919152
5.1733798980713	-2.9256500408587
5.1793699264526	-2.9165849664980
5.1853599548340	-2.9075609622768
5.1913499832153	-2.8985831651812
5.1973400115967	-2.8896532262059
5.2033300399780	-2.8807749020699
5.2093200683594	-2.8719512588371
5.2153100967407	-2.8631850516690
5.2213001251221	-2.8544787322662
5.2272901535034	-2.8458374217503
5.2332801818848	-2.8372625879596
5.2392702102661	-2.8287596891640
5.2452597618103	-2.8203295011839
5.2512497901917	-2.8119770315973
5.2572398185730	-2.8037051519911
5.2632298469543	-2.7955177710771
5.2692198753357	-2.7874182646895
5.2752099037170	-2.7794093387616
5.2811999320984	-2.7714951360019
5.2871899604797	-2.7636776921779
5.2931799888611	-2.7559615408677
5.2991700172424	-2.7483497695426
5.3051600456238	-2.7408436197617
5.3111500740051	-2.7334471112806
5.3171401023865	-2.7261636095896
5.3231301307678	-2.7189967589168
5.3291201591492	-2.7119457303843
5.3351101875305	-2.7050168333898
5.3411002159119	-2.6982096718135
5.3470897674561	-2.6915286087651
5.3530797958374	-2.6849731575255
5.3590698242188	-2.6785489442126
5.3650598526001	-2.6722530205148
5.3710498809814	-2.6660907772521
5.3770399093628	-2.6600612067165
5.3830299377441	-2.6541672414105
5.3890199661255	-2.6484083487151
5.3950099945068	-2.6427859577362
5.4010000228882	-2.6373006245304
5.4069900512695	-2.6319526973000
5.4129800796509	-2.6267433383296
5.4189701080322	-2.6216694940665
5.4249601364136	-2.6167346100259
5.4309501647949	-2.6119354680920
5.4369401931763	-2.6072719949737
5.4429302215576	-2.6027440924526
5.4489197731018	-2.5983492001699
5.4549098014832	-2.5940875240552
5.4608998298645	-2.5899559197135
5.4668898582458	-2.5859532272955
5.4728798866272	-2.5820776383276
5.4788699150085	-2.5783270221041
5.4848599433899	-2.5746981516463
5.4908499717712	-2.5711872465714
5.4968400001526	-2.5677936859660
5.5028300285339	-2.5645129214473
5.5088200569153	-2.5613424673491
5.5148100852966	-2.5582770621035
5.5208001136780	-2.5553145464925
5.5267901420593	-2.5524504775673
5.5327801704407	-2.5496806519795
5.5387701988220	-2.5470011728056
5.5447602272034	-2.5444066744076
5.5507497787476	-2.5418936798413
5.5567398071289	-2.5394566182472
5.5627298355103	-2.5370912746883
5.5687198638916	-2.5347925923502
5.5747098922729	-2.5325558910911
5.5806999206543	-2.5303742238331
5.5866899490356	-2.5282437531789
5.5926799774170	-2.5261587433448
5.5986700057983	-2.5241138408732
5.6046600341797	-2.5221032784506
5.6106500625610	-2.5201223328510
5.6166400909424	-2.5181651585003
5.6226301193237	-2.5162257554331
5.6286201477051	-2.5142983715271
5.6346101760864	-2.5123781097689
5.6406002044678	-2.5104595011534
5.6465902328491	-2.5085361578026
5.6525797843933	-2.5066049730653
5.6585698127747	-2.5046578942120
5.6645598411560	-2.5026907839474
5.6705498695374	-2.5006995599182
5.6765398979187	-2.4986767448893
5.6825299263000	-2.4966201651652
5.6885199546814	-2.4945242194997
5.6945099830627	-2.4923846163209
5.7005000114441	-2.4901952974450
5.7064900398254	-2.4879541170154
5.7124800682068	-2.4856570653387
5.7184700965881	-2.4832995925616
5.7244601249695	-2.4808776057719
5.7304501533508	-2.4783894046658
5.7364401817322	-2.4758311860026
5.7424302101135	-2.4732004537333
5.7484197616577	-2.4704943526572
5.7544097900391	-2.4677102099616
5.7603998184204	-2.4648480572816
5.7663898468018	-2.4619040403744
5.7723798751831	-2.4588787641905
5.7783699035645	-2.4557699777614
5.7843599319458	-2.4525773529740
5.7903499603271	-2.4493014729328
5.7963399887085	-2.4459429410355
5.8023300170898	-2.4424979615267
5.8083200454712	-2.4389718636726
5.8143100738525	-2.4353631486830
5.8203001022339	-2.4316749736490
5.8262901306152	-2.4279069405219
5.8322801589966	-2.4240624184003
5.8382701873779	-2.4201436063181
5.8442602157593	-2.4161536435442
5.8502497673035	-2.4120933115853
5.8562397956848	-2.4079685979124
5.8622298240662	-2.4037814224612
5.8682198524475	-2.3995367511456
5.8742098808289	-2.3952374078327
5.8801999092102	-2.3908892382205
5.8861899375916	-2.3864971151915
5.8921799659729	-2.3820641810614
5.8981699943542	-2.3775975536023
5.9041600227356	-2.3731030392644
5.9101500511169	-2.3685835258853
5.9161400794983	-2.3640472757291
5.9221301078796	-2.3594997161364
5.9281201362610	-2.3549475644989
5.9341101646423	-2.3503968083224
5.9401001930237	-2.3458537441267
5.9460902214050	-2.3413248840447
5.9520797729492	-2.3368184494376
5.9580698013306	-2.3323399227302
5.9640598297119	-2.3278967005827
5.9700498580933	-2.3234967762337
5.9760398864746	-2.3191438616349
5.9820299148560	-2.3148490490166
5.9880199432373	-2.3106172974951
5.9940099716187	-2.3064554518351
6.0000000000000	-2.3023721673068
